0
0
0
0
0
0
0
0
0
0
0
0
0
0
0
0
0
0
0
0
0
0
0
0
0
0
0
0
0
0
0
0
0
0
0
0
0
0
0
0
0
0
0
0
0
0
0
0
0
0
0
0
0
0
0
0
0
0
0
0
0
0
0
0
0
0
0
0
0
0
0
0
0
0
0
0
0
0
0
0
0
0
0
0
0
0
0
0
0
0
0
0
0
0
0
0
0
0
0
0
0
0
0
0
0
0
0
0
0
0
0
0
0
0
0
0
0
11
11
7
9
9
12
8
9
8
9
10
15
17
35
8
4
17
12
10
14
12
14
35
12
9
14
9
8
4
53
48
29
16
4
58
30
89
8
63
16
15
26
6
18
22
36
27
7
3
2
2
55
35
41
18
8
28
50
65
34
28
61
75
47
60
67
50
60
118
64
81
12
46
68
99
91
32
44
67
9
50
14
6
5
8
3
21
4
30
16
12
2
9
23
21
35
61
7
55
37
1
2
7
64
3
32
22
33
61
5
8
24
92
34
90
27
17
12
14
7
17
19
14
49
7
13
14
7
20
4
16
19
26
29
31
9
1
16
14
17
10
31
39
26
34
1
21
20
51
51
7
31
4
13
12
3
28
5
53
10
25
78
3
6
33
8
24
19
30
58
18
18
23
20
13
33
21
4
6
11
24
29
85
5
5
52
1
35
27
19
40
33
46
66
28
12
20
14
27
17
30
20
21
31
5
4
5
5
20
42
34
11
43
25
32
40
50
37
8
8
21
6
44
9
41
29
45
9
6
50
32
14
82
34
4
51
36
17
46
3
21
19
24
19
1
6
28
124
24
15
2
2
1
28
9
6
13
14
9
3
8
10
5
11
12
8
9
22
4
15
11
22
13
84
14
10
10
12
10
7
9
10
9
12
9
20
11
11
8
5
35
43
48
39
34
27
18
2
19
6
2
24
37
22
24
7
23
54
33
6
12
17
53
262
15
73
80
14
21
22
54
72
2
3
18
3
14
65
13
19
25
32
43
57
2
23
1
8
28
4
19
31
147
92
572
4
21
29
15
24
3
6
25
1
30
37
18
12
12
22
5
3
1
23
19
4
6
7
1
20
25
2
58
19
17
32
60
40
24
12
5
63
21
27
15
7
32
40
57
25
28
9
37
19
61
6
529
35
13
22
31
38
50
28
12
55
36
4
11
7
42
32
11
8
61
169
72
11
26
30
32
10
5
24
17
23
6
108
5
55
18
16
30
36
29
161
14
11
34
23
21
7
61
11
86
11
35
23
7
5
140
139
6
2
104
51
5
10
49
22
61
101
16
143
36
38
16
11
28
8
41
73
43
7
114
2
22
26
26
10
31
17
18
24
4
13
14
82
119
24
17
13
64
3
20
16
34
76
13
56
21
116
12
14
34
10
9
31
21
9
12
10
50
28
31
24
58
25
21
19
3
39
29
4
26
61
30
27
51
33
72
2
35
48
111
22
54
29
19
10
23
20
91
16
16
85
58
47
1
59
6
26
21
32
7
25
37
44
18
24
29
32
5
25
16
28
29
7
12
31
35
29
48
28
47
37
4
13
83
39
24
11
35
36
25
30
37
37
54
24
72
8
61
2
29
28
51
14
26
22
19
25
32
41
3
6
34
3
8
26
5
36
37
17
17
30
26
17
43
32
25
33
32
67
23
12
10
23
24
118
27
56
25
17
14
15
18
2
41
29
211
2
20
62
31
19
31
52
26
38
84
53
1
6
60
16
37
21
77
50
2
42
2
21
27
15
38
19
30
89
3
25
57
21
26
60
72
29
34
56
26
30
34
24
39
34
22
29
8
21
6
46
3
31
25
44
17
1
42
28
37
5
73
43
42
21
57
18
44
85
36
23
257
47
46
341
26
362
6
71
8
21
30
40
18
2
5
35
19
51
45
43
8
36
26
22
68
32
69
35
69
35
32
17
25
101
36
286
18
50
20
54
63
19
18
25
91
27
41
2
31
28
99
71
80
41
29
47
33
29
63
88
48
51
45
6
2
80
26
9
5
14
14
1
3
18
15
39
26
1
7
7
3
8
10
4
30
24
31
8
4
39
2
13
23
11
19
20
34
28
32
39
33
135
18
31
2
5
11
1
3
1
28
16
105
25
38
8
5
38
22
29
8
9
21
9
12
52
39
202
27
35
13
168
144
2
57
15
1
4
38
82
6
192
10
110
25
22
29
24
4
70
25
22
14
22
20
43
49
21
19
362
9
3
34
26
32
10
1
31
4
16
28
11
20
32
31
11
69
76
26
28
14
39
1
94
28
46
74
13
39
5
29
57
52
63
38
44
37
9
29
59
5
26
27
39
2
52
154
8
7
5
27
52
4
3
5
4
2
10
41
29
5
14
28
9
29
16
3
51
65
277
26
2
1
202
7
4
5
4
9
29
55
2
1
37
5
3
2
8
57
4
16
9
22
37
18
9
33
3
56
39
26
42
12
37
34
7
11
64
3
17
6
9
7
3
6
6
24
31
11
1
4
6
7
8
546
22
107
139
50
73
39
3
63
39
32
130
29
3
6
4
28
3
18
42
20
4
10
11
15
10
26
4
45
39
31
35
22
21
34
20
8
5
16
39
8
48
1
39
44
2
1
2
6
23
29
6
41
67
13
51
33
22
26
12
121
36
20
7
10
4
20
47
414
34
5
4
32
5
14
9
30
25
50
17
12
1
3
11
7
19
10
25
7
16
19
21
15
19
16
20
19
23
19
6
25
39
27
42
48
32
118
16
11
16
56
24
2
13
5
40
10
359
37
88
15
8
28
3
57
4
35
2
3
4
41
42
24
22
29
11
1
10
18
7
17
4
2
36
30
5
157
40
9
3
1
42
5
17
6
168
15
60
8
24
43
27
13
10
10
17
19
26
26
59
47
47
2
34
33
5
24
27
20
23
4
2
35
2
23
52
71
45
4
43
12
33
14
3
9
20
22
10
5
11
42
34
76
58
1
36
17
6
8
13
9
14
35
23
33
5
20
43
18
42
17
10
25
22
63
14
23
13
5
191
6
32
24
18
31
8
5
37
7
61
30
38
37
32
25
28
2
30
4
26
6
42
20
17
122
263
9
32
26
14
4
9
17
80
18
7
16
9
114
60
20
11
21
5
9
18
54
24
1
117
4
13
10
268
6
9
18
22
2
13
42
65
93
22
96
34
19
54
47
87
7
88
24
58
28
21
7
5
14
30
48
1
155
51
26
63
41
7
53
37
34
83
21
80
91
41
53
17
51
33
107
15
13
11
28
6
8
4
52
19
18
16
59
45
44
94
33
33
4
18
16
55
5
42
35
20
66
27
29
22
87
34
17
20
32
4
27
30
41
50
14
48
8
30
30
25
82
47
25
25
39
38
11
53
12
4
59
18
5
18
10
56
47
17
26
882
8
20
17
37
19
4
37
5
23
20
3
28
6
19
26
33
43
16
7
6
4
75
42
22
17
22
22
29
4
18
68
24
39
3
4
2
32
22
17
25
4
67
46
34
54
19
65
9
22
42
34
3
21
5
25
14
14
28
32
38
4
5
5
42
13
29
14
19
12
6
30
23
50
4
18
27
33
16
39
55
12
54
28
66
35
27
31
68
28
47
52
48
37
14
28
9
7
22
22
21
10
3
15
20
31
26
12
4
27
67
3
30
70
51
1
6
19
5
26
10
26
30
21
7
52
3
20
24
1
4
1
76
23
1
58
13
10
3
20
26
27
9
22
6
3
29
39
29
5
4
7
19
32
28
24
37
30
46
27
33
30
37
21
13
13
11
35
6
64
13
44
14
48
58
51
5
17
25
27
13
17
14
9
327
25
54
18
30
17
13
1
25
4
6
2
181
4
4
23
47
7
60
7
72
19
5
29
5
48
3
13
75
10
44
36
6
10
12
15
4
12
3
12
20
58
46
47
8
4
7
27
7
28
14
4
6
62
39
15
7
1
22
27
26
29
27
31
27
38
29
34
30
31
29
29
43
39
40
38
3
34
35
34
39
35
34
30
21
41
34
29
18
27
16
23
23
19
42
43
15
21
17
33
40
11
8
44
49
48
24
18
13
18
11
25
23
36
3
49
39
18
29
15
41
4
18
39
1
23
16
24
25
29
9
2
18
5
1
44
23
4
28
13
8
99
21
7
26
25
55
441
18
15
1
2
73
37
3
15
41
63
55
39
18
32
52
33
60
39
23
7
33
31
11
14
19
53
28
36
4
3
12
2
1
52
7
4
39
13
32
3
8
33
19
34
31
17
64
32
23
26
30
32
60
18
86
46
24
33
11
4
12
1
25
18
29
44
55
21
17
15
1
32
51
3
10
28
40
19
26
29
35
631
38
36
39
4
1
32
12
12
48
43
4
29
3
1
4
31
23
21
30
42
26
16
30
26
96
36
27
17
15
26
37
29
40
28
23
29
20
12
1
29
11
25
52
29
11
37
13
7
4
42
25
28
42
27
33
30
1
24
57
55
49
17
30
8
37
22
44
23
7
32
27
29
29
36
49
16
7
4
41
33
24
22
18
24
37
31
16
15
21
28
35
31
38
27
102
23
33
27
6
25
3
3
44
30
28
17
61
17
40
19
26
28
29
34
11
15
12
14
16
27
4
37
4
61
4
26
41
5
2
34
24
79
35
4
27
40
12
61
30
31
9
34
83
28
17
74
8
61
2
12
20
37
11
13
15
117
36
15
32
27
32
46
58
66
32
67
35
11
5
2
58
4
35
27
54
32
38
8
2
1
9
9
4
67
27
30
29
23
27
59
26
9
6
58
26
17
25
71
2
27
38
34
33
20
2
29
31
3
19
33
24
26
82
16
33
17
17
4
6
4
10
22
58
23
18
16
23
22
18
3
18
14
55
47
31
46
2
9
25
28
2
29
7
12
16
9
4
110
30
41
36
13
13
34
6
18
9
13
15
12
3
29
2
3
32
5
21
22
3
27
5
39
33
17
10
31
9
16
18
1
26
4
33
11
15
3
1
5
8
116
34
108
110
81
63
29
151
30
38
55
31
34
32
35
26
41
47
15
11
16
29
20
24
62
2
44
33
29
28
24
35
8
23
25
23
10
4
32
26
12
3
7
35
21
7
23
7
30
3
51
27
34
5
16
35
221
11
4
6
14
42
26
17
25
21
28
2
15
13
18
16
13
3
14
6
13
29
20
4
3
5
13
3
18
3
35
18
28
17
53
33
12
41
47
15
11
26
31
28
22
13
34
30
15
22
28
24
52
16
14
15
13
25
12
15
11
33
54
14
5
32
24
41
5
9
21
9
41
36
25
62
27
3
43
26
23
15
70
14
12
25
7
19
14
19
18
10
23
71
35
25
17
22
36
54
34
38
3
3
8
166
17
29
31
30
36
31
26
84
19
26
32
32
30
43
19
27
9
37
8
28
18
30
52
110
25
22
28
31
80
38
35
33
2
51
39
38
17
41
13
1
26
21
28
15
4
43
41
51
3
32
2
24
16
7
13
81
19
6
52
23
128
36
1
328
31
36
31
1
15
20
6
4
5
39
36
1
3
7
56
35
36
20
34
35
30
20
28
2
27
37
32
32
20
19
7
26
30
32
2
6
4
102
24
54
45
49
37
16
63
8
11
7
45
2
23
38
37
4
43
28
37
1
33
50
1
11
35
2
28
12
23
36
6
6
48
44
29
17
23
50
28
36
2
4
71
6
8
4
29
15
43
16
16
37
4
4
1
29
3
44
12
14
52
46
15
29
11
5
10
196
18
15
23
47
19
17
26
35
15
16
26
48
18
80
48
16
23
12
20
15
4
19
24
40
13
16
31
31
14
24
25
79
40
6
9
11
32
28
35
30
29
21
3
19
3
45
12
17
31
6
16
57
65
38
1
14
120
12
29
3
8
4
8
38
16
4
19
3
21
5
52
2
34
25
5
51
13
28
44
54
20
30
19
107
27
52
78
20
12
46
4
24
1
20
117
26
16
15
44
17
34
42
33
41
65
7
46
11
47
30
18
32
44
5
15
1
15
1
36
57
2
2
24
79
2
12
5
32
16
11
50
58
16
2
20
8
47
26
16
50
1
11
56
13
29
4
18
36
55
53
5
5
35
23
32
40
20
13
18
48
27
34
36
40
6
2
10
30
1
20
5
3
10
43
29
2
5
15
27
5
15
2
24
8
21
1
129
19
18
15
61
84
39
29
5
8
57
10
18
8
42
6
7
4
3
14
11
24
20
4
1
4
13
5
37
17
63
42
14
11
25
37
56
60
15
49
23
57
6
14
2
41
39
32
4
33
32
34
11
31
9
15
16
7
39
13
16
20
31
27
30
4
111
45
1
10
18
16
13
12
4
29
24
13
34
24
30
20
36
6
38
13
37
1
56
24
53
29
33
5
20
14
29
212
24
54
3
25
30
11
25
27
33
27
36
264
96
12
39
20
35
57
33
46
19
20
7
22
7
26
23
4
29
32
116
85
79
26
30
41
87
27
43
51
34
30
14
153
2
91
6
36
15
91
56
73
23
30
41
28
29
54
89
51
34
55
45
53
34
38
31
76
28
39
54
29
30
28
47
98
23
43
40
16
37
41
100
25
65
51
54
22
61
95
46
76
3
46
47
57
19
35
40
54
53
338
3
46
37
29
32
31
14
39
1
34
28
32
32
23
22
64
24
16
24
42
26
4
21
23
24
43
4
4
9
2
31
75
9
53
35
42
33
3
7
45
28
8
32
158
32
74
8
44
3
54
51
67
39
27
48
23
13
24
25
27
39
61
27
6
20
11
1
40
31
94
50
19
18
30
27
57
27
21
97
34
20
1
24
26
43
8
48
37
22
38
38
76
40
33
5
10
52
35
17
5
5
59
25
28
21
19
23
24
20
43
25
50
31
16
26
38
72
30
61
36
13
39
12
15
33
29
32
13
30
9
20
42
38
9
12
25
42
29
44
43
32
22
79
26
44
1
31
27
34
46
69
100
33
18
18
40
22
23
43
17
41
7
13
36
35
36
29
27
1
18
25
14
2
2
34
45
41
2
21
19
18
2
21
60
20
89
5
1
1
17
18
46
35
5
9
13
30
42
7
23
28
2
62
19
55
13
2
11
6
11
3
17
37
31
9
17
11
16
30
61
1
14
1
55
98
98
23
15
9
20
20
15
35
88
33
19
23
31
108
24
18
38
6
54
21
1
24
24
17
1
7
4
88
98
92
11
25
55
5
2
47
12
12
23
21
2
26
18
48
17
17
53
12
25
33
39
30
11
41
60
31
50
22
10
31
2
53
5
17
54
32
52
1
4
15
48
38
11
59
57
7
5
23
11
21
41
29
3
20
68
18
7
27
1
30
8
24
10
54
20
33
19
17
24
12
29
39
2
6
57
5
1
3
2
15
3
60
306
1
7
6
37
1
2
7
40
72
7
43
34
6
4
44
2
2
65
3
51
8
3
2
49
10
38
4
27
46
37
15
36
41
1
1
2
4
25
22
7
14
6
24
8
14
3
74
24
13
36
16
15
2
3
3
5
12
32
5
4
34
3
1
21
4
9
4
22
14
3
26
2
12
11
47
4
15
4
62
21
24
13
72
61
40
79
9
77
9
8
17
58
57
45
2
103
23
29
43
32
3
42
1
8
16
8
30
5
19
8
17
23
4
18
31
35
6
23
47
67
13
23
3
13
60
5
3
131
13
15
38
41
17
12
4
36
30
137
42
10
22
64
56
4
15
20
5
15
26
3
19
14
31
1
13
11
4
21
12
28
23
20
10
26
14
32
18
39
2
43
19
17
7
36
45
62
2
16
17
29
31
30
15
28
23
14
5
34
7
3
21
22
6
34
7
12
3
28
52
68
7
30
10
22
47
3
6
13
6
3
14
17
56
17
2
20
19
27
23
41
19
8
6
13
4
2
2
40
16
45
2
38
20
28
26
58
61
7
18
32
27
16
5
87
34
4
4
47
15
3
13
34
2
35
50
18
29
82
36
31
25
19
16
4
45
18
29
9
27
20
38
30
7
11
12
25
33
39
63
3
15
144
17
21
29
19
27
57
24
29
32
26
7
22
26
30
3
21
39
26
21
25
15
40
62
3
5
12
13
18
46
28
30
31
40
1
28
1
4
41
43
35
62
75
37
15
57
4
26
4
75
31
75
64
141
22
1
12
26
77
11
70
9
3
24
16
16
18
30
15
14
24
79
19
4
6
20
4
19
27
21
13
36
32
13
35
33
3
47
1
13
16
21
58
2
29
22
26
1
8
33
13
25
16
32
19
97
13
32
46
17
108
109
57
48
52
37
32
43
13
18
7
15
10
17
3
19
43
3
39
2
17
5
3
36
6
3
15
115
39
2
6
3
1
6
9
2
5
18
3
1
2
11
30
14
3
2
9
22
10
1
34
42
15
16
26
12
25
17
65
66
35
17
4
13
39
24
24
23
4
2
35
2
24
1
1
4
16
32
52
8
5
16
22
15
42
28
41
43
35
39
23
28
45
16
3
37
29
25
11
4
14
2
4
49
36
67
35
10
35
31
25
30
18
49
16
25
32
18
19
31
13
24
23
14
1
35
21
1
32
6
20
36
10
59
7
99
13
23
52
8
54
29
59
27
68
3
37
49
1
4
35
26
5
52
17
15
15
52
25
32
31
2
4
42
29
21
27
38
50
68
82
32
18
21
18
47
29
41
100
59
63
32
39
3
32
19
31
34
35
48
36
45
9
93
28
46
3
18
47
61
45
18
10
10
30
45
19
4
301
1
10
28
7
11
26
21
35
34
35
6
10
7
31
37
22
37
41
22
18
30
12
49
31
1
34
35
24
30
32
27
31
17
50
45
20
75
4
40
1
5
19
1
37
47
29
1
34
33
35
24
23
33
38
3
32
12
10
7
40
65
42
17
11
14
50
39
45
28
62
79
33
47
30
9
23
20
35
256
70
5
38
28
24
8
95
27
8
57
1
25
17
13
41
18
33
3
39
13
19
15
35
41
28
29
7
12
8
35
49
26
1
29
33
22
3
24
19
94
34
5
26
17
33
9
39
18
71
6
34
32
5
43
55
15
24
30
34
4
4
28
17
7
26
40
11
27
16
26
1
38
34
37
14
8
8
9
8
91
44
37
51
34
27
18
12
8
33
43
44
33
36
37
8
46
5
65
14
1
12
51
21
31
34
14
6
34
28
107
21
97
63
7
70
32
3
36
67
5
47
35
54
18
29
30
58
11
19
5
10
25
20
41
1
30
35
45
39
1
1
2
148
14
27
5
7
33
29
29
45
53
4
1
38
37
5
36
41
24
14
8
52
7
26
43
22
25
28
13
21
1
33
17
22
22
18
20
84
12
38
40
26
5
59
10
18
32
35
29
16
3
4
1
21
4
5
8
2
20
45
14
30
30
21
14
41
41
33
488
7
46
13
13
20
7
10
46
18
86
34
59
12
16
44
11
20
53
1
24
39
13
15
34
2
1193
22
16
13
44
47
28
25
38
30
87
37
11
37
23
23
19
17
21
46
151
25
13
1
6
7
24
279
9
31
25
18
22
13
15
12
15
28
20
12
22
15
12
24
17
20
21
24
18
20
18
20
24
34
19
13
17
12
11
28
14
12
11
9
26
4
20
3
28
12
24
6
6
3
45
24
45
38
44
61
13
3
41
6
21
5
14
32
7
3
11
28
13
51
15
38
60
27
30
45
89
34
19
24
56
22
19
97
52
11
19
5
23
68
60
21
22
60
56
61
23
31
43
11
7
11
32
18
26
29
18
24
6
10
12
85
49
32
33
16
2
14
4
15
79
10
2
34
81
14
13
23
14
28
36
116
56
32
10
35
28
19
4
1
30
3
52
16
4
57
20
49
17
11
1
14
1
44
22
21
53
8
8
41
37
27
9
64
15
9
28
14
36
101
73
37
32
47
38
53
70
30
39
37
56
13
25
10
6
64
16
22
12
59
36
35
14
22
24
3
38
79
37
30
2
59
18
24
1
70
31
30
33
16
11
17
62
56
3
3
30
19
20
94
35
16
76
62
39
55
81
50
71
70
67
82
30
26
37
43
36
34
55
33
12
24
10
22
14
5
10
35
42
43
16
33
57
4
34
23
13
19
23
17
24
41
78
14
2
2
93
187
40
3
40
13
115
52
20
9
40
21
29
45
43
15
30
35
46
2
36
44
59
51
34
18
110
23
29
9
40
14
19
15
37
28
33
31
1
40
21
185
180
166
39
81
29
18
3
16
27
17
53
27
46
38
15
16
9
19
7
6
27
34
20
32
94
19
34
11
10
17
60
7
20
4
21
24
18
34
44
33
20
18
75
20
3
149
21
393
6
22
1
22
2
35
15
14
11
12
32
12
48
461
12
75
25
18
32
48
21
18
41
4
19
29
11
10
4
5
6
8
23
33
394
21
18
16
8
28
2252
10
23
141
12
37
14
97
18
4
10
26
6
7
10
34
37
26
5
13
23
20
21
47
19
24
24
17
193
34
165
14
22
6
49
133
41
20
22
46
30
11
19
8
31
46
613
17
8
13
2
40
41
42
25
25
34
51
9
32
24
56
18
30
299
11
41
52
57
71
54
8
25
17
16
28
39
35
54
19
44
81
42
65
1
49
9
2
69
66
29
16
55
70
4
7
15
8
6
7
2
3
27
7
4
440
3
39
3
23
7
35
18
24
18
19
32
38
230
15
40
22
17
17
6
3
3
87
91
17
20
58
16
58
1
50
16
17
16
15
18
51
2
28
19
84
76
30
48
21
453
114
14
20
26
6
15
165
4
48
21
18
41
38
22
62
9
58
38
74
36
26
33
35
38
38
42
25
26
31
37
30
31
58
50
116
34
9
23
28
76
16
30
107
42
124
18
130
138
42
36
32
2
19
4
6
15
25
24
42
12
24
66
14
19
2
22
20
7
19
6
17
30
36
18
19
20
8
8
6
33
23
34
60
3
12
16
11
7
22
34
47
77
43
41
21
25
20
73
24
53
19
27
59
80
14
15
13
22
49
24
1
21
22
29
15
18
261
6
6
3
39
25
2
22
191
15
31
41
19
32
6
12
34
26
18
12
21
19
59
22
22
29
17
49
4
22
43
35
52
34
22
23
1233
16
3
3
45
1
2
13
52
4
7
30
35
28
4
3
17
1
1
2
3
29
133
31
10
44
37
1
8
20
55
17
24
7
21
25
33
13
23
14
24
19
10
17
51
16
22
8
22
36
36
36
40
24
32
27
27
37
12
2
29
32
34
19
35
215
56
18
41
33
33
42
40
250
58
2
38
47
16
34
17
33
9
20
33
24
28
35
52
6
28
54
40
43
53
43
23
16
19
1
31
26
23
20
24
31
24
34
32
22
79
19
22
37
23
1
3
64
25
35
39
48
29
47
17
22
89
15
41
62
34
36
28
18
33
31
81
29
14
22
3
6
33
32
39
30
8
10
15
11
35
35
50
8
32
118
92
22
37
16
28
3
11
27
42
74
31
31
53
31
36
81
29
4
46
19
35
1
18
49
30
26
7
4
5
37
3
133
2
50
47
13
49
16
37
15
15
43
24
37
49
32
79
22
13
2
76
15
231
12
69
38
47
21
24
21
115
11
7
13
15
25
10
34
197
168
19
51
35
31
35
30
118
5
7
79
20
29
3
152
35
16
23
24
18
34
51
39
23
2
21
25
30
30
3
6
5
5
42
15
48
60
699
5
17
11
1
35
29
33
48
7
22
37
26
35
99
184
27
13
14
7
10
30
28
17
14
101
23
19
19
119
31
21
12
7
27
26
24
26
31
16
54
24
18
63
37
42
4
7
32
27
29
8
33
25
18
7
1
9
1
23
26
63
3
5
48
21
1
3
13
11
17
10
49
26
59
82
7
5
4
5
56
35
31
4
29
2
31
22
15
29
23
32
12
13
11
18
34
25
48
52
14
9
1277
9
15
126
30
9
33
261
23
40
37
46
47
6
27
20
66
93
19
4
37
16
18
9
12
12
6
20
17
1
22
20
13
23
23
33
20
26
41
15
20
32
15
17
19
2
21
37
15
9
35
21
26
19
31
32
39
11
14
30
97
31
19
11
12
14
17
29
11
49
98
5
17
12
5
33
29
15
9
45
38
28
26
40
26
43
12
14
25
43
40
25
28
12
37
48
167
2
53
53
17
13
7
42
17
15
4
39
29
37
67
7
46
21
16
9
1
32
32
61
16
65
52
34
14
63
16
19
22
25
419
25
796
122
113
6
25
43
6
90
34
50
128
35
35
1
28
23
79
41
36
74
16
19
27
26
12
7
7
33
142
29
35
47
9
211
62
9
24
44
2
4
29
12
3
24
66
54
53
71
61
21
38
32
59
18
5
1
17
9
19
25
14
18
71
32
1
45
1
10
20
57
23
27
16
19
31
8
6
17
19
31
27
39
9
9
10
14
42
35
11
3
86
145
124
105
44
14
12
97
79
30
35
29
65
31
103
150
32
103
118
50
218
69
35
5
86
7
121
7
43
21
25
4
38
1
5
33
23
68
35
45
18
11
19
32
13
12
44
2
52
27
14
12
92
37
43
47
42
38
30
22
14
17
5
22
4
52
63
15
24
28
7
13
24
27
16
29
72
26
55
6
49
5
1
32
53
166
6
4
1
34
7
6
32
63
182
18
5
25
18
88
32
150
40
5
2
7
30
40
36
36
40
31
47
43
6
34
16
43
171
49
22
39
74
28
2
27
37
2
4
42
35
28
59
23
30
21
4
25
7
19
19
35
8
37
35
17
19
23
16
13
96
12
48
25
41
20
24
24
28
20
14
18
32
10
7
13
23
21
22
29
10
9
12
17
8
21
19
9
24
16
3
30
17
22
22
14
32
14
2
35
15
30
47
90
74
21
57
17
9
35
53
41
48
7
45
12
47
2
1
21
287
13
23
18
20
28
21
24
3
9
43
16
41
86
2
24
40
60
46
27
56
76
51
54
4
22
23
66
47
14
11
13
3
22
47
20
49
14
35
12
18
11
9
10
30
21
17
11
38
13
13
12
27
21
12
39
19
15
14
33
16
42
47
1
31
18
15
71
16
55
13
20
16
11
26
17
42
32
16
14
41
17
34
9
35
38
29
61
16
25
34
32
12
33
15
5
41
40
41
45
30
39
18
13
26
32
10
72
9
31
13
18
37
35
38
19
38
5
18
55
14
13
36
36
48
13
45
13
22
87
11
24
31
7
26
29
13
22
19
43
4
22
24
47
36
155
37
37
43
24
55
34
995
15
9
4
103
6
39
41
39
27
277
1
2
17
30
33
19
6
11
9
11
28
32
36
8
13
14
26
28
2
75
16
28
28
15
15
44
32
20
38
9
2
26
18
26
12
53
31
10
45
35
48
13
21
9
51
32
33
28
9
22
29
26
9
127
116
52
25
15
32
54
53
33
4
40
37
54
41
25
11
21
15
17
25
21
29
19
11
104
36
18
48
14
18
61
9
33
11
14
20
35
2
27
72
11
62
10
7
20
13
27
8
31
19
35
14
40
30
17
20
11
4
2
18
30
20
4
22
1
19
52
55
24
10
25
38
7
10
27
7
9
1
26
24
17
26
33
5
31
7
29
48
22
97
17
19
4
15
26
8
32
22
13
22
18
22
40
1
20
5
3
53
10
14
3
28
4
3
2
10
30
28
34
3
15
39
11
30
25
3
18
11
44
15
6
17
96
24
22
21
1
2
70
26
55
9
120
24
20
32
26
1
36
156
22
19
13
21
14
19
9
19
18
1
13
28
193
17
48
9
43
24
53
25
125
21
11
14
18
41
20
30
24
151
20
20
24
17
72
26
45
23
4
28
2
37
20
14
16
34
34
28
48
14
21
22
59
30
32
46
36
30
16
10
1
17
10
13
32
41
107
15
28
25
14
1
31
29
13
69
13
41
21
24
21
84
13
25
11
216
3
330
83
17
13
16
34
17
29
45
107
29
7
24
38
14
19
1
12
28
15
20
36
19
31
45
148
28
24
14
35
7
24
80
46
31
28
20
29
61
43
30
1
8
6
32
38
34
45
43
43
34
26
15
61
26
5
24
15
12
8
16
22
24
16
59
21
21
47
43
97
13
32
29
22
24
48
28
1
18
22
15
14
7
17
14
21
11
10
9
17
18
8
31
36
18
2
16
22
3
27
8
8
26
32
7
10
31
22
8
39
26
29
14
9
18
4
30
16
7
3
5
9
14
1
20
24
18
18
12
49
52
6
27
23
25
22
42
36
92
40
14
107
11
25
22
44
34
18
10
17
40
20
32
51
25
11
1
34
25
24
33
29
54
38
3
14
30
41
11
12
17
24
38
12
24
9
13
15
8
6
13
16
14
12
12
17
16
16
14
11
14
11
17
13
8
9
19
36
14
33
22
15
7
1
17
19
72
236
14
17
47
12
56
26
14
9
59
81
113
574
19
1
30
24
17
2
52
1
27
15
30
22
21
2
20
7
1
130
35
51
16
30
55
10
35
19
31
27
3
27
8
42
40
37
23
19
33
21
53
37
82
28
37
63
16
86
55
25
38
4
5
25
4
40
2
15
20
11
30
27
42
53
43
37
80
7
184
189
9
11
94
34
34
25
28
86
25
1
25
59
34
10
39
7
33
32
8
19
27
35
107
27
3
19
26
18
1
17
17
4
15
15
14
13
15
17
15
12
7
18
5
25
22
12
19
25
1
20
8
41
11
18
24
37
19
18
40
33
31
13
3
16
7
19
17
22
5
40
20
35
4
441
45
2
23
23
9
30
18
5
8
59
52
20
42
1
154
46
33
1
42
37
13
30
15
4
44
33
46
40
22
1
24
34
17
1
10
7
16
9
11
11
45
33
34
9
40
11
6
8
12
26
23
97
6
8
9
32
31
10
41
12
25
102
13
75
142
26
42
30
2
16
16
13
33
14
2
26
5
36
38
22
77
1
38
34
3
16
95
19
32
19
6
29
33
33
30
33
10
13
27
97
17
1
48
44
11
14
16
11
10
68
28
40
71
30
19
12
12
13
11
59
51
12
15
137
20
1
11
30
46
14
5
37
7
30
28
26
26
5
37
17
14
63
31
26
19
49
24
6
23
24
55
34
40
1
32
2
27
15
19
93
11
88
17
50
28
151
18
76
39
59
28
37
34
34
22
6
15
10
38
20
16
13
5
16
5
18
7
39
3
2
25
41
30
21
9
45
25
25
7
19
29
2
15
20
88
34
29
32
24
23
27
38
15
78
7
32
26
84
13
11
48
47
11
36
14
16
117
8
95
1
46
4
29
48
29
101
25
3
26
271
13
3
6
17
6
86
28
39
29
28
87
11
63
31
16
71
1
3
19
16
17
2
26
57
13
42
27
54
35
87
41
35
3
19
112
40
280
214
40
45
5
24
15
6
31
145
53
37
27
90
35
39
64
4
33
4
4
4
62
9
20
37
43
50
35
43
59
26
46
13
42
24
75
30
67
3
25
35
33
1
34
13
56
3
10
44
56
43
32
30
8
27
27
33
39
15
15
42
14
64
18
12
20
37
51
4
77
36
36
36
42
27
7
20
27
71
29
1
17
104
24
43
82
44
23
14
76
14
12
35
10
20
14
28
36
26
11
20
21
25
8
9
8
1
6
32
15
38
32
12
21
1
15
13
27
7
36
31
28
15
20
30
27
28
20
27
36
16
28
89
28
13
36
8
20
44
38
11
9
38
11
1
15
23
6
23
39
31
5
5
34
11
14
14
15
18
18
15
51
30
15
7
5
13
6
24
10
63
35
25
23
20
7
32
3
47
26
7
27
19
81
24
13
21
1
124
95
10
15
15
13
2
52
30
13
9
20
14
6
10
19
71
14
28
34
42
37
8
38
12
23
13
38
23
6
51
33
28
29
92
14
1
16
23
19
28
19
17
16
15
69
17
16
20
11
17
9
29
5
16
54
14
23
41
28
10
68
11
16
17
13
38
25
13
15
16
17
63
30
44
17
2
3
39
14
36
47
60
1
8
97
21
13
27
30
50
79
73
19
28
24
23
37
15
19
42
39
33
74
58
16
14
16
7
50
384
19
15
24
32
60
27
10
11
54
12
18
43
22
35
34
16
23
60
29
16
34
38
30
44
19
50
50
8
29
27
38
13
55
7
36
4
20
17
16
61
35
20
37
9
40
12
10
11
10
9
330
5
54
9
30
15
58
26
18
25
49
12
82
23
33
34
3
12
17
10
13
22
17
11
18
15
10
14
31
23
36
33
38
29
2
13
38
10
17
31
19
12
27
45
16
9
2
10
34
259
25
37
63
2
28
34
28
6
32
8
40
21
22
13
17
27
33
37
35
24
10
3
17
31
13
30
10
15
40
2
65
41
26
19
54
47
6
37
26
36
2
11
69
21
22
31
38
19
48
22
12
89
33
58
92
17
15
15
87
30
25
35
17
55
43
28
18
16
13
11
45
53
32
37
12
17
14
49
34
40
38
41
41
50
37
12
15
17
11
12
48
7
26
19
21
19
3
16
21
6
34
29
40
12
2
13
39
12
33
38
20
8
10
11
57
21
9
8
16
35
5
26
19
17
60
3
57
41
7
37
23
11
12
134
34
3
31
9
24
51
13
13
25
44
19
14
46
29
20
13
42
2
45
19
15
101
17
49
39
13
75
5
42
29
26
45
20
86
33
62
32
2
53
20
29
19
145
26
28
28
19
13
10
67
8
73
11
37
39
58
62
34
49
32
8
25
6
20
62
35
2
29
63
116
30
8
51
14
25
37
82
92
46
44
29
14
27
43
7
2
15
46
29
16
9
10
15
91
55
35
33
24
28
41
4
7
32
33
47
44
16
39
31
35
51
21
1
10
1
59
40
37
44
82
17
13
23
18
14
31
45
17
24
2
16
18
24
30
30
23
17
27
16
35
29
36
33
12
6
20
6
17
18
43
17
14
19
16
72
39
16
54
1
3
32
9
9
12
3
38
4
108
4
44
32
3
59
19
18
12
13
27
4
22
11
59
3
8
4
12
83
22
15
16
10
39
23
46
40
4
19
17
36
39
16
10
14
74
25
20
36
14
4
5
48
30
52
12
23
6
6
14
13
2
49
33
7
25
26
10
14
45
4
12
48
8
18
52
34
20
40
1
44
5
5
4
27
22
5
15
9
6
7
15
8
12
22
9
31
4
304
10
35
42
15
13
24
11
29
34
53
95
10
26
16
13
42
14
29
18
25
34
20
20
7
15
18
17
41
9
27
20
33
29
28
50
62
2
31
11
53
24
14
78
61
54
32
30
22
30
41
12
91
46
22
28
35
20
10
4
18
2
14
33
14
32
26
25
15
14
8
12
25
21
32
1
28
30
17
20
31
36
3
46
16
5
12
14
28
58
24
34
23
31
18
18
12
19
20
6
18
7
1
37
16
43
26
34
15
5
49
11
26
24
29
99
11
7
27
11
50
36
16
56
43
12
5
15
10
21
5
12
18
10
19
18
63
13
1
41
23
11
75
43
218
57
7
17
66
6
1
19
37
69
16
17
23
29
26
16
17
54
42
1
48
6
11
12
14
9
7
35
43
5
27
1
3
7
12
14
14
15
3
15
12
10
32
55
10
288
7
25
30
18
16
10
13
14
11
16
14
2
43
4
4
12
25
21
20
3
18
29
16
67
11
183
9
21
26
40
36
87
35
28
65
16
41
25
31
13
7
29
14
51
22
24
23
25
52
37
34
16
16
52
16
17
13
18
15
13
41
25
13
11
12
15
20
11
41
18
17
34
31
35
29
13
13
43
46
25
11
94
22
411
13
9
17
10
18
15
1
156
24
69
40
21
33
39
18
25
31
9
18
9
47
3
47
11
53
11
6
38
15
80
2
6
33
18
18
45
16
18
51
11
26
63
24
20
26
25
22
7
42
45
58
1
11
2
8
6
5
15
31
38
11
10
39
26
51
3
43
4
28
27
24
22
16
34
25
5
34
39
16
12
155
15
88
46
78
89
11
29
34
1
16
62
235
39
15
36
16
23
29
14
1
10
8
19
64
26
36
34
41
43
11
25
12
116
24
53
21
17
17
43
31
36
7
2
108
45
199
33
6
31
35
26
38
9
38
66
14
40
35
55
27
24
24
26
13
36
27
47
14
27
36
22
53
14
16
9
3
32
18
16
38
29
94
17
23
20
95
33
28
16
32
19
22
55
53
30
90
43
13
40
19
30
53
41
20
45
21
32
48
35
13
20
45
6
96
30
12
26
9
31
36
10
38
38
20
12
9
78
28
12
25
39
19
19
20
33
35
77
1
100
477
33
15
14
7
7
29
35
34
51
28
27
39
61
10
33
10
40
31
50
12
1
33
25
27
10
15
30
6
38
5
31
20
45
25
10
2
52
48
19
3
28
68
17
2957
17
13
26
16
12
119
16
48
54
28
8
21
49
33
2
50
17
71
58
17
34
35
1
30
6
26
36
42
65
38
2
56
564
13
13
14
1
15
46
20
28
14
15
11
36
11
3
6
33
17
7
14
89
17
54
16
82
21
10
41
18
11
33
52
34
14
16
6
32
18
15
11
41
32
29
11
9
11
25
20
79
3
46
54
2
4
15
9
5
18
46
8
23
2
8
5
1
4
15
2
31
23
1
83
57
1
20
27
36
24
36
54
7
8
13
19
27
14
38
2
26
95
4
19
39
71
285
183
100
87
5
3
6
5
15
37
34
45
31
29
22
66
4
2
19
9
37
9
10
17
12
8
5
11
9
23
49
26
13
23
51
117
8
23
22
13
22
22
42
38
37
30
16
17
20
38
47
18
7
1
30
30
27
37
12
4
32
13
27
44
1
19
5
14
15
44
59
29
157
7
31
15
144
14
25
13
16
12
10
43
14
35
35
43
32
12
3
24
42
21
31
5
14
5
1
1
14
12
4
53
34
21
14
28
80
28
53
40
19
218
25
74
36
23
13
4
227
35
21
5
21
18
12
22
18
8
40
28
9
18
35
37
17
6
37
31
23
50
52
3
21
32
40
25
9
8
9
157
23
19
138
19
177
14
123
11
28
9
60
9
57
18
42
36
24
13
8
4
26
34
33
61
29
10
20
14
31
19
12
181
6
12
13
20
12
93
71
4
72
42
15
45
23
26
40
32
20
43
24
31
64
35
21
16
8
37
26
50
27
21
14
40
14
18
5
8
31
1
16
20
7
10
20
15
9
25
11
124
14
14
1
12
24
42
21
28
31
38
48
26
19
46
8
34
9
12
5
24
6
44
158
8
93
15
27
4
18
30
29
12
2
23
7
12
24
39
8
41
116
53
80
46
26
39
2
54
1
3
36
12
3
14
4
27
11
7
8
110
22
85
100
5
62
9
27
5
16
3
39
3
9
16
6
6
102
19
11
17
101
17
33
106
21
28
19
3
5
14
1
1
62
4
17
22
4
9
8
20
14
3
12
15
12
10
21
97
10
100
28
35
3
19
17
4
3
13
16
16
16
2
22
8
16
31
2
24
38
36
1
18
9
25
53
6
2
5
5
22
14
17
13
246
26
57
60
34
35
38
21
145
1
77
46
7
78
12
5
122
27
49
64
52
10
41
18
25
31
11
22
24
17
90
20
53
44
62
11
53
56
15
81
40
9
35
4
5
11
11
9
17
14
37
31
69
35
10
26
38
3
11
17
32
4
21
26
52
48
12
26
42
33
27
2
26
1
15
7
6
34
28
17
53
27
14
9
30
26
39
8
19
25
24
16
9
2
10
15
7
28
21
45
190
154
37
74
25
607
44
7
3
9
11
43
34
8
3
41
16
125
213
17
122
31
26
106
4
32
6
45
23
34
22
21
28
53
35
55
34
4
36
81
38
17
35
11
35
50
109
2
33
412
39
97
38
8
21
39
162
7
121
30
42
31
6
33
37
5
97
23
33
34
9
27
83
699
56
111
26
40
6
1
17
2
37
27
13
7
36
14
6
6
22
21
12
8
3
38
17
63
45
26
15
37
27
23
41
13
40
35
23
29
17
1
23
28
31
32
16
91
42
32
30
15
5
20
38
14
153
6
109
14
103
29
2
28
35
8
25
23
48
67
17
32
41
53
8
66
12
17
2
10
30
40
55
27
11
10
42
50
93
13
28
22
96
24
1
24
28
9
11
19
24
19
5
15
25
28
1
43
1
9
23
5
10
21
37
12
28
12
15
26
3
2
2
45
24
21
58
9
25
22
49
40
9
5
34
42
36
9
10
2
6
25
27
26
12
42
43
13
64
15
85
47
13
42
5
23
6
11
16
27
24
36
34
66
105
127
1
34
47
38
28
56
184
13
22
11
90
41
151
121
2
58
48
27
16
37
35
31
15
21
37
179
131
679
35
75
8
8
34
12
21
11
32
10
9
54
58
40
28
8
11
65
81
7
5
15
49
8
16
6
8
21
6
18
42
1
20
15
8
2
6
144
28
95
3
23
11
10
16
55
1
30
30
38
36
27
32
30
29
33
12
26
28
91
43
13
28
26
33
15
10
27
5
30
28
36
51
77
42
69
24
39
4
82
28
27
41
6
27
34
7
340
67
15
7
7
16
11
35
28
12
36
52
5
14
17
1
123
29
37
40
16
38
8
36
81
117
2
19
5
4
3
13
35
6
17
2
11
3
2
20
42
12
3
3
77
8
8
23
29
4
24
18
5
14
1
11
49
41
42
42
6
15
15
4
7
38
10
2
14
16
24
28
79
28
1
40
34
23
19
18
12
15
38
31
29
10
20
34
1
43
27
1
23
24
33
72
72
1
72
1
22
212
14
14
11
4
54
13
27
43
35
130
8
27
7
18
31
65
10
25
2
413
1
36
37
41
103
28
5
47
6
10
39
1
41
20
18
124
22
65
27
16
50
11
8
4
29
38
17
28
7
22
59
119
3
70
5
6
31
27
5
19
1
26
20
46
21
37
12
5
100
80
10
2
81
1
91
12
7
19
64
1
1
3
28
2
44
35
45
6
7
1
45
26
51
30
18
4
29
41
10
57
16
21
29
27
5
20
36
8
13
33
13
22
14
19
8
4
13
22
29
10
21
18
4
15
47
28
14
14
37
6
178
13
53
22
16
4
16
23
27
4
54
8
32
2
12
3
33
40
10
36
40
57
26
11
35
10
25
18
7
2
13
2
12
21
15
51
6
28
15
18
28
13
78
32
16
2
22
23
4
14
12
27
9
31
19
5
9
33
3
15
28
36
16
34
23
45
36
4
2
44
44
137
7
37
15
63
24
26
22
10
19
20
57
75
9
41
90
14
15
16
15
7
25
34
38
148
17
25
41
2
260
15
64
183
12
4
2
48
21
21
66
5
35
19
40
7
2
11
23
7
22
11
35
13
6
11
19
227
40
43
10
2
2
11
16
5
26
14
1
95
25
23
10
31
74
33
28
17
28
17
85
42
18
108
19
30
35
17
30
3
27
10
33
22
23
12
24
40
49
20
19
34
49
10
10
77
31
15
15
21
20
35
42
99
104
21
29
17
23
13
37
19
34
22
24
30
27
33
21
37
22
43
18
38
345
13
34
25
41
41
55
30
46
31
53
58
67
21
37
32
51
47
19
29
18
4
48
7
17
51
9
15
13
2
11
6
37
15
35
30
20
10
20
36
14
107
65
27
15
42
3
60
13
38
22
2
37
55
79
6
21
14
43
16
17
38
10
38
50
52
17
89
37
7
15
15
13
15
14
19
2
3
20
28
44
31
26
14
28
34
7
41
42
12
15
17
23
25
13
1
77
27
2
3
19
26
33
161
14
43
14
15
9
10
11
10
1
41
4
11
21
52
33
29
3
39
86
6
110
1
1
3
26
13
5
38
24
39
7
31
87
77
5
11
15
26
53
85
6
38
23
63
46
9
36
22
25
14
17
4
39
11
26
37
37
11
117
20
51
5
21
21
19
25
4
37
31
15
22
7
6
51
12
52
67
29
46
19
4
59
39
4
122
21
21
32
34
11
17
19
8
27
35
39
39
34
39
10
36
10
34
9
33
32
25
34
2
14
9
12
7
14
6
4
35
21
3
34
58
8
43
4
12
7
13
4
20
2
5
56
5
1
7
10
12
13
35
7
31
50
35
23
19
35
34
41
8
8
11
2
11
20
76
19
40
56
26
30
44
16
45
44
22
45
12
99
51
43
57
7
20
24
15
25
30
47
1
8
7
92
10
11
19
20
17
3
70
16
6
31
43
1
28
78
27
4
7
82
104
33
4
82
9
55
9
28
77
11
3
14
11
37
26
5
24
14
107
4
16
75
24
207
1
133
67
16
19
46
42
23
30
18
26
39
52
8
13
14
18
11
159
40
81
67
11
7
192
56
3
39
43
11
4
38
16
22
58
85
56
17
22
22
37
13
25
33
16
30
35
48
9
82
48
24
9
24
50
58
22
164
4
55
56
32
8
25
17
25
24
8
101
43
50
30
70
43
28
6
44
50
22
8
7
11
87
11
93
2
27
38
75
37
30
38
24
42
81
56
41
24
39
29
27
34
30
4
9
14
106
41
51
38
54
49
27
1
69
4
70
7
9
60
13
3
57
1
18
22
38
22
68
18
15
37
71
6
35
23
34
65
45
46
28
22
12
48
59
2
21
96
83
47
53
33
34
63
16
9
39
66
37
7
5
25
16
33
3
2
57
41
17
5
33
26
41
76
32
3
21
1
12
11
28
44
28
10
23
20
3
14
30
17
4
29
35
8
34
27
38
18
34
46
36
25
41
5
76
65
34
6
34
20
32
30
2
10
10
31
52
19
27
7
20
9
37
129
51
22
29
5
67
5
20
1
36
9
15
26
37
4
2
52
64
5
2
13
14
137
45
12
7
7
138
56
23
54
18
48
33
1473
8
3
60
25
7
35
7
35
37
40
31
13
13
15
15
64
54
742
51
2
76
91
27
49
17
9
113
169
58
6
39
4
63
63
101
102
8
32
13
36
18
41
11
42
7
30
41
19
3
14
35
45
34
46
23
18
43
33
5
43
31
11
33
21
23
46
1
68
45
26
5
23
8
16
1
74
38
1
4
10
18
4
41
18
52
14
39
17
24
4
13
73
17
12
6
6
21
67
37
2
138
19
19
69
27
15
95
44
23
3
10
18
29
36
36
32
173
35
14
28
18
44
27
8
57
19
16
37
44
35
11
2
16
39
5
3
33
106
29
37
6
2
13
45
31
46
37
14
40
24
17
4
5
12
2
40
4
6
69
37
20
25
41
81
47
2
59
33
45
9
41
23
16
17
10
11
14
19
18
10
9
13
58
25
135
12
58
60
144
28
27
47
16
25
13
63
31
111
20
23
36
30
20
144
1
14
7
30
3
14
4
29
14
28
3
3
26
46
6
31
72
16
30
35
40
40
60
53
4
9
38
25
40
31
42
7
15
40
16
12
102
57
5
22
46
39
9
19
2
17
16
29
20
30
22
123
5
30
26
19
40
34
7
28
13
17
10
2
62
488
17
49
67
69
18
3
29
47
111
64
48
8
14
32
2
75
26
9
13
29
57
56
11
14
5
13
7
117
10
10
13
14
23
26
30
42
3
29
10
14
13
15
14
3
9
41
23
6
38
7
35
46
13
35
22
19
31
4
92
107
2
64
16
28
31
6
11
34
16
1
55
1
46
5
2
22
16
26
32
27
15
22
19
8
25
10
21
18
40
25
51
15
19
31
10
20
15
49
17
26
8
14
30
40
46
9
30
10
112
29
72
17
36
32
13
24
109
10
60
11
8
36
24
8
24
10
7
5
13
9
35
42
2337
3604
46
3
24
10
28
51
5
95
65
18
16
14
10
102
5
48
4
30
11
47
17
22
43
17
63
14
36
10
3
51
7
29
1
31
24
33
20
7
38
8
33
22
14
6
14
54
8
20
17
44
20
26
46
26
19
8
38
18
10
26
11
1
37
8
32
13
5
22
82
3
21
10
2
4
7
7
10
17
37
56
4
13
23
35
27
28
49
12
36
7
51
25
39
27
49
66
40
33
3
12
8
35
14
15
37
12
10
35
2
27
23
36
36
50
233
33
1
6
24
39
39
19
16
9
26
17
8
16
39
34
88
38
30
23
7
15
53
6
10
26
4
27
5
42
6
3
2
29
5
26
6
13
4
14
3
44
130
24
2
5
32
25
7
12
7
38
18
23
3
39
57
12
16
5
18
29
153
120
126
16
31
124
13
22
16
27
120
138
19
65
6
26
43
34
26
35
41
38
119
2
11
57
8
5
6
7
12
4
39
6
13
11
141
3
3
38
2
31
15
24
18
45
9
9
9
11
1876
7
3
12
12
64
1
57
8
98
12
21
4
28
17
60
30
40
6
35
66
46
1
15
1
34
25
7
19
21
9
42
128
3
22
17
1
33
7
109
50
1
28
8
20
20
33
44
15
17
69
77
45
65
17
23
49
33
43
28
65
45
17
5
5
55
18
101
3
37
28
37
25
14
13
1
92
14
46
9
3
7
9
44
1
19
14
35
10
15
34
1
11
16
31
584
12
5
19
30
14
108
36
14
17
12
4
21
12
20
13
53
11
39
1
82
618
41
38
37
2
32
7
6
45
7
22
6
21
29
38
48
31
38
92
11
39
8
4
156
124
39
15
12
20
7
16
37
40
1
18
12
27
59
15
33
37
23
54
40
44
21
28
10
38
29
28
28
55
31
33
36
30
6
9
46
50
98
34
4
17
36
26
20
98
24
54
107
100
112
156
111
96
64
150
15
34
53
14
20
27
45
61
30
13
9
14
22
8
34
28
10
28
28
17
24
4
48
18
1
577
177
51
11
67
15
42
8
11
4
7
10
56
143
35
24
59
11
12
46
8
51
48
19
21
12
10
9
45
39
14
22
39
7
18
35
60
35
28
28
29
43
52
41
645
29
69
30
1
78
18
32
13
5
39
114
7
13
55
11
37
12
8
21
13
3
40
12
5
58
4
37
12
40
10
90
34
31
44
1
28
41
16
5
793
7
13
53
11
12
14
1
10
67
12
57
69
60
31
11
60
64
10
13
80
12
14
14
8
10
8
13
7
9
7
22
6
7
9
10
10
31
14
1
14
19
61
54
44
23
1
8
11
15
15
22
72
29
29
4
13
50
10
2
17
16
5
33
15
3
33
38
38
73
59
33
25
59
18
13
10
11
10
37
6
38
62
35
20
6
49
31
32
34
17
100
26
67
51
29
46
32
38
11
31
56
47
33
25
15
18
34
154
37
9
15
26
22
63
21
23
22
25
22
28
25
25
28
22
26
27
24
18
25
14
16
11
12
27
14
22
27
17
14
23
83
25
57
11
35
14
69
10
57
27
28
34
32
46
9
46
37
8
55
17
33
60
60
42
36
3
9
3
1
91
31
42
106
123
140
183
103
60
11
156
111
15
10
43
28
23
26
18
22
78
51
76
5
39
39
56
56
24
82
67
25
16
61
36
15
11
36
2
11
23
41
7
24
26
35
10
209
33
32
17
96
5
34
39
75
31
38
20
25
1
43
2
61
78
15
49
13
45
4
46
22
47
29
36
2
4
17
9
8
39
35
45
3
45
45
99
8
24
4
51
37
29
28
12
40
55
4
5
126
30
9
8
17
108
1
36
38
88
23
21
66
72
21
4
10
17
12
49
12
46
19
11
29
33
4
23
12
31
18
10
1
7
15
24
39
66
35
28
11
41
25
33
46
30
27
38
60
50
34
37
19
52
2
16
6
14
15
80
54
62
17
46
12
35
83
27
17
30
138
76
21
44
13
26
43
42
18
39
9
45
14
6
50
39
19
52
38
28
4
176
73
32
1
104
35
50
4
19
88
42
33
47
27
10
46
31
10
8
9
21
12
14
5
109
21
38
37
157
8
33
12
60
68
1
5
65
9
35
47
206
15
18
35
40
7
42
30
29
35
32
33
12
9
27
28
35
25
25
31
36
34
40
34
37
35
24
26
15
53
50
30
28
15
6
22
53
94
14
34
9
1
2
35
90
48
54
29
18
11
40
23
53
25
27
5
19
44
19
27
13
115
24
30
24
38
9
31
24
26
35
74
12
56
54
47
32
25
51
51
19
46
11
3
17
70
27
32
31
20
14
43
24
103
166
37
31
3
32
36
9
36
8
15
23
18
11
20
11
30
4
7
6
5
6
33
34
171
28
12
19
5
11
18
3
57
11
20
33
41
4
7
9
9
43
14
50
15
60
47
4
59
15
8
33
70
35
36
23
13
20
23
31
51
20
33
37
13
5
46
3
1
14
3
7
30
34
429
5
22
1
29
29
25
50
56
22
10
15
17
45
86
57
21
7
4
73
33
48
19
65
53
54
19
12
5
3
37
9
24
38
3
21
23
5
49
4
26
42
13
17
73
4
21
43
1
4
5
8
22
29
26
32
22
3
52
2
20
23
114
15
53
805
242
16
8
33
12
3
14
23
44
3
45
154
27
27
29
25
40
37
30
27
51
22
11
74
197
10
351
11
1
14
3
15
358
36
7
12
19
22
18
29
13
28
38
8
9
42
28
38
8
9
8
12
17
4
52
6
13
4
9
82
7
53
61
18
39
26
14
42
8
6
49
39
39
36
41
34
41
55
59
6
42
16
30
16
5
21
11
45
46
47
51
35
43
11
100
81
19
72
66
244
68
32
37
73
27
117
4
55
27
40
45
5
43
20
35
33
42
48
55
17
29
1
41
35
24
31
72
82
14
162
14
24
20
17
17
20
4
65
7
53
41
26
4
14
8
35
11
9
23
41
8
2
2
45
42
42
15
27
63
81
11
12
68
18
10
53
3
4
16
37
9
18
33
21
15
61
77
4
35
28
37
11
36
49
66
46
54
216
343
2
51
24
37
14
17
13
10
51
14
19
23
139
83
24
5
2
37
27
54
23
142
30
14
57
36
37
13
11
15
20
6
20
10
16
25
107
16
12
8
4
12
4
4
4
7
6
6
26
48
20
2
61
34
40
21
43
32
3
16
3
25
7
41
46
29
23
32
21
115
29
35
5
58
7
85
10
6
12
8
13
2
27
15
2
29
42
35
40
17
4
5
9
16
22
59
4
11
6
21
3
50
28
3
17
3
49
12
1
16
12
9
1
39
32
24
8
1
21
39
34
14
13
14
14
23
20
31
8
2
30
4
48
25
31
26
15
3
13
18
25
1
14
20
37
35
80
22
16
10
15
34
85
10
14
7
25
36
5
19
55
32
5
74
35
32
8
42
53
57
61
73
26
6
29
3
3
6
17
13
63
19
101
82
4
42
35
47
12
1020
44
7
67
75
4
13
1
39
20
2
15
4
13
10
42
1
24
9
21
56
14
48
1
12
23
24
5
23
61
18
56
34
8
14
36
13
2
21
56
108
29
48
64
17
60
2
27
82
2
26
9
5
5
5
4
6
5
23
31
29
9
17
43
27
1
15
22
5
36
40
38
30
41
3
31
32
44
7
15
23
30
93
24
35
39
76
21
292
41
30
16
6
36
4
21
21
4
85
16
15
44
123
35
31
17
60
14
13
16
16
18
51
37
82
61
48
47
56
13
59
88
110
22
42
38
39
66
9
40
29
9
32
5
4
6
14
73
2
16
31
128
27
28
4
43
24
20
46
5
100
127
51
27
33
68
24
7
3
13
6
10
57
84
106
98
50
50
32
2
46
22
21
16
875
391
12
25
12
13
56
5
3
8
29
39
292
15
4
3
18
30
90
5
28
111
30
28
9
42
30
39
7
2
18
39
10
64
18
27
7
38
12
28
14
33
19
12
9
9
13
1
34
44
14
25
11
15
45
9
31
9
30
31
3
31
59
23
9
48
51
59
28
22
2
25
3
8
51
11
2
16
19
36
47
2
10
46
92
34
1
48
2
51
1
103
60
45
455
13
17
63
16
95
12
9
14
65
15
19
13
34
15
10
1
22
28
14
49
54
17
16
6
3
16
28
29
18
27
101
22
41
14
20
20
30
7
366
47
3
20
14
22
3
99
33
11
46
11
77
29
25
31
17
68
15
32
159
60
114
63
45
43
11
15
13
15
14
67
15
14
2
12
21
2
14
39
12
25
33
10
20
54
105
14
20
25
55
8
3
56
3
5
7
40
54
3
37
35
1
36
53
6
2
7
33
88
9
67
74
6
61
6
24
70
100
13
53
5
49
59
33
10
2
5
3
16
18
15
104
24
13
18
6
3
12
14
5
31
15
9
13
51
5
10
13
13
14
8
10
1
12
17
29
14
2
1
20
47
4
40
4
3
4
4
3
2
34
58
6
4
6
40
50
78
63
41
39
28
52
20
71
10
17
15
55
18
104
14
30
32
8
45
40
1
58
5
33
60
43
5
31
27
3
1
34
2
6
43
6
6
10
21
13
29
9
33
12
11
12
30
4
26
2
1
10
25
21
5
51
36
11
2
6
1
3
9
32
4
22
92
27
26
4
17
27
19
1
42
64
18
21
77
2
44
3
5
6
26
8
30
6
5
25
17
15
13
15
13
33
12
29
36
29
16
12
111
32
33
33
16
11
18
18
11
10
15
20
13
21
14
12
41
13
18
10
18
16
17
17
3
13
34
30
13
48
26
6
19
5
21
23
21
4
13
18
12
8
35
28
32
35
2
3
30
25
15
26
30
1
4
30
26
27
14
25
27
14
5
1
2
30
7
35
60
28
5
6
4
204
2
10
39
5
107
10
37
13
89
100
15
10
29
83
26
35
2
20
40
3
9
4
36
46
29
17
3
2
55
44
69
8
1
24
44
73
50
13
72
54
39
26
1
57
9
25
31
30
41
52
76
9
15
79
1
15
32
23
23
1
15
15
17
94
12
23
2
3
45
12
48
5
101
28
21
19
22
4
57
45
10
10
2
3
90
6
29
72
28
30
37
49
65
15
17
25
5
2
14
1
76
21
32
32
44
32
79
39
25
39
2
29
22
94
12
83
31
13
40
47
59
36
72
13
13
29
25
16
56
64
40
20
13
11
16
40
11
34
13
13
53
79
1
2
19
1
30
61
23
43
50
15
57
56
21
74
83
6
11
65
44
47
11
11
5
17
16
72
78
63
2
58
42
64
51
55
9
39
4
1
47
50
17
139
33
113
27
20
42
15
61
103
82
29
26
85
71
43
44
31
54
22
28
46
5
53
32
8
21
23
28
58
28
143
36
34
40
28
13
49
124
58
37
2
101
3
18
114
7
75
21
22
27
7
6
8
8
123
18
14
48
37
38
18
563
81
389
7
7
7
10
96
1
13
384
112
466
392
222
63
69
345
31
185
429
361
41
13
18
19
27
13
49
4
3
58
26
9
38
16
280
32
488
76
12
1
2
16
15
26
39
16
14
7
40
35
25
67
44
43
48
56
51
47
47
2
23
13
17
30
22
31
60
67
32
80
72
10
40
75
87
2
3
12
42
14
23
62
2
89
50
14
68
45
10
44
48
61
13
1
35
26
8
17
22
55
44
35
14
54
27
18
36
101
61
9
37
65
75
45
1
36
35
3
122
104
30
28
45
55
40
29
46
27
35
11
132
12
9
45
16
2
133
41
84
34
30
1
14
62
32
15
30
55
18
74
51
16
1
37
1
13
75
2
48
25
27
27
5
16
58
15
10
15
32
12
38
59
12
14
64
61
5
2
8
12
15
34
33
46
74
19
27
45
3
10
51
21
29
2
9
13
68
37
20
17
16
73
8
63
42
149
10
10
2
30
101
11
50
44
11
26
8
5
8
5
2
26
26
1
5
5
8
2
15
172
52
24
28
23
16
69
22
1
86
8
10
36
54
17
17
11
7
53
11
39
30
11
30
21
2
8
7
1
8
23
1
6
1
68
19
3
30
15
5
13
43
43
54
11
13
3
11
96
15
4
13
44
39
45
19
14
20
17
19
39
34
21
16
20
24
18
30
3
18
3
5
45
18
10
30
17
38
60
27
39
5
12
10
11
36
1
2
38
4
2
43
48
63
6
37
51
104
32
25
31
3
46
26
9
41
7
40
22
27
87
3
25
3
7
16
60
34
40
2
144
4
95
24
12
16
3
113
32
24
10
28
25
14
27
46
40
80
32
29
41
2
7
24
13
12
33
17
1
29
12
3
17
73
48
14
13
3
6
46
25
28
14
23
10
2
60
16
14
9
12
34
22
15
75
46
48
37
1
8
2
43
15
17
15
29
15
11
10
19
10
16
17
12
13
4
49
9
43
28
41
8
211
18
53
4
37
36
3
9
14
8
2
122
6
37
98
13
14
10
18
12
17
11
4
41
43
6
48
13
173
4
11
13
12
25
69
6
27
13
98
13
30
50
33
41
35
27
34
33
43
34
37
34
33
67
37
29
27
32
28
27
31
34
31
67
152
32
56
31
29
25
17
33
4
16
30
13
20
15
11
20
12
16
22
16
13
16
15
16
12
14
21
34
6
18
7
8
25
18
17
16
1
12
1
26
38
64
31
109
47
30
5
6
15
12
29
18
62
17
28
22
13
69
73
35
35
20
30
38
38
16
25
53
47
8
88
26
19
42
21
44
22
48
37
17
18
4
45
61
47
54
5
47
28
114
34
1
90
90
28
13
4
12
30
8
2
37
1
13
11
38
58
8
50
7
24
34
40
1
57
12
12
10
8
14
16
21
10
16
12
28
15
12
15
19
7
24
39
4
27
22
39
67
22
6
36
58
24
24
36
11
24
62
4
30
21
334
15
3
93
32
41
42
1
5
23
41
13
35
43
23
57
18
3
39
41
23
29
8
19
7
29
19
36
41
34
26
50
12
32
5
24
212
101
34
344
3
23
16
5
12
1
10
8
33
12
16
19
18
5
3
5
11
3
20
27
21
41
100
6
22
35
26
75
67
36
38
43
48
44
19
17
4
16
33
18
7
28
54
30
15
13
20
1
14
15
11
14
10
20
23
46
9
57
78
33
39
13
43
9
6
13
76
8
27
1
38
29
62
56
14
12
15
13
12
34
37
47
26
30
38
41
16
34
30
25
28
22
2
5
35
18
17
1
19
41
31
41
6
30
8
9
300
6
5
37
26
4
45
17
24
60
9
15
172
5
426
354
30
29
46
98
17
20
5
8
11
27
13
12
17
12
12
22
12
13
12
24
26
17
30
14
24
14
29
17
16
15
12
20
15
15
21
10
6
36
22
18
5
12
14
13
34
21
1
142
110
104
121
27
97
24
64
43
10
25
15
36
25
328
107
90
38
20
5
15
16
13
17
13
10
12
4
89
75
26
99
5
10
3
50
10
8
27
15
5
2
82
1
23
46
5
10
10
22
37
21
151
10
15
19
13
23
11
8
17
19
62
40
14
50
16
38
21
12
12
31
3
6
44
2
23
117
11
8
44
39
279
5
64
20
2
39
6
14
81
2
12
20
47
2
20
12
33
1
2
10
20
69
19
14
31
7
17
20
13
14
26
20
14
14
16
18
22
17
15
16
13
38
10
61
18
13
13
36
120
43
17
32
2
33
18
3
46
7
30
2
34
3
24
76
77
24
23
14
13
24
19
12
15
129
14
11
22
19
21
39
14
5
28
6
5
28
45
31
1
90
7
4
6
1
22
17
1
50
45
38
8
12
53
19
20
19
1
13
2
60
6
95
1
15
24
19
21
6
19
4
26
5
4
13
56
9
5
3
2
24
22
40
16
13
13
11
10
17
148
11
14
12
16
14
14
14
14
18
17
11
14
10
16
13
32
15
23
24
14
16
12
13
12
17
17
15
14
18
16
17
12
12
14
14
15
13
16
11
17
15
15
16
19
14
27
18
4
13
20
14
20
11
13
15
12
16
11
16
12
17
9
16
15
13
12
12
13
15
18
23
15
9
17
13
16
17
13
15
18
15
17
12
15
18
17
22
16
16
14
18
14
16
16
12
14
15
11
18
16
18
14
17
11
12
12
13
38
13
17
1
41
5
5
58
22
24
14
18
4
6
37
52
38
155
25
39
18
18
15
16
14
13
11
13
14
18
6
15
11
15
21
16
13
11
17
20
13
17
10
16
12
16
14
15
15
19
15
18
11
9
20
14
20
18
19
20
15
17
16
22
13
13
18
21
17
16
14
13
17
12
15
14
14
38
55
29
11
11
12
12
23
41
4
60
37
16
8
3
3
4
9
7
8
15
31
11
3
386
4
73
10
35
15
2
6
7
17
2
4
13
63
44
17
2
9
14
17
13
19
16
12
10
23
18
14
12
22
13
14
13
17
13
11
1
7
35
2
8
8
14
12
8
14
12
12
8
7
11
8
10
15
16
340
10
6
12
8
5
17
9
13
15
12
13
15
16
11
17
14
13
12
11
16
18
16
19
23
17
4
6
18
13
10
7
16
14
15
13
11
14
17
12
6
23
15
7
16
22
29
33
12
34
27
26
31
6
21
43
16
26
34
32
39
16
7
4
3
1
20
35
29
3
16
44
11
24
32
298
47
13
14
60
105
83
20
88
34
14
40
45
49
27
3
55
3
12
61
13
21
18
18
45
38
69
32
38
24
10
2
5
40
17
19
38
42
45
42
34
30
51
15
10
21
54
16
6
34
9
17
15
75
5
5
7
10
10
42
36
157
12
9
32
23
41
38
24
58
16
37
6
1
5
47
32
4
18
27
5
3
40
42
36
96
46
33
25
12
26
1
43
39
38
12
95
114
11
9
4
26
13
16
2
2
6
9
1
22
60
14
8
9
6
11
9
13
2
40
46
72
5
5
61
19
21
49
17
19
6
4
5
1
11
100
17
13
42
1
34
40
34
35
10
3
22
21
5
6
28
6
17
10
30
7
5
45
46
48
42
59
45
38
29
26
14
15
13
13
14
18
17
11
16
9
8
8
11
16
11
16
9
10
25
11
14
15
13
17
11
23
15
13
10
13
15
18
15
14
14
13
15
12
11
17
7
14
10
13
15
12
14
12
13
17
19
19
16
13
16
14
12
15
11
14
10
13
16
10
4
9
10
12
125
18
13
11
10
12
15
10
49
11
11
11
13
9
16
6
11
12
11
8
11
9
9
10
3
13
9
7
9
10
9
6
9
9
12
12
13
16
15
13
14
7
10
9
11
10
9
8
13
16
7
12
8
11
8
9
8
12
11
16
12
11
12
10
64
19
16
50
18
85
69
3
27
52
67
39
23
55
32
10
49
40
44
49
56
86
7
37
74
11
12
12
5
12
1
21
10
14
15
17
13
17
9
51
8
9
29
10
9
9
33
8
5
9
11
8
18
14
38
12
13
8
8
10
15
15
2
12
15
19
18
17
16
18
19
14
20
8
1
9
1
4
17
48
9
8
15
96
10
23
52
13
23
26
16
10
11
70
14
3
15
59
70
18
55
22
9
20
9
9
12
9
9
11
92
98
4
38
12
6
12
40
1
10
3
2
53
21
12
88
37
23
7
268
6
27
10
12
10
2
2
7
15
17
171
19
13
8
8
10
2
3
5
16
8
14
15
17
8
93
13
12
11
12
11
12
14
35
13
10
10
23
10
13
11
9
37
5
1
6
15
12
6
70
10
7
17
14
24
14
67
33
34
56
5
9
17
17
26
12
27
13
30
9
18
9
12
9
3
15
5
15
21
10
29
20
15
13
23
9
18
13
7
12
14
21
11
11
8
17
17
18
13
11
7
9
10
27
9
13
8
40
88
49
9
37
43
45
34
37
42
7
37
49
10
40
52
9
30
27
6
9
10
14
18
12
11
113
7
8
2
8
24
3
2
59
11
11
12
9
40
15
8
25
10
5
9
11
9
5
1
3
1
1
1
2
1
1
2
1
1
1
3
1
1
1
1
1
8
1
1
1
1
1
1
1
1
1
1
1
3
1
1
1
3
45
4
3
3
1
1
1
2
5
1
2
1
2
