1
1
1
38
1
1
1
15
37
17
42
4
5
5
3
30
1
2
3
5
30
1
609
1
573
1
28
39
641
37
627
6
1
1
7
13
3
2
8
5
6
5
3
1
14
1
1
7
2
4
3
4
4
4
1
2
4
6
1
16
25
5
7
10
6
1
16
26
10
8
11
144
4
148
207
10
12166
9465
85
5680
2835
3311
2785
2728
909
206
9439
6196
717
12175
15998
6278
85
3
5694
8431
2732
3009
3310
2997
928
475
2
7
154
5
1
158
2
11
335
330
2
156
574
579
137
80
4
98
98
3
121
12
12
19
16
124
9
2
6
2
27
610
300
14
18
1
1
21
19
5
21
19
6
15
6
4
17
1
8
8
8
278
1
133
137
1
1
2
1
2
4
39
5
7
2
1
4
5
17
21
9
2
2
1
1
1
1
19
20
69
69
108
125
132
344
352
11
7
18
17
11
2
2
5
14
17
1
1
192
194
1
2
8
2
1
20
11
153
449
1404
21
29
1511
21
72
59
21
52
355
11
11
28
23
349
48
12
60
19
1
23
100
36
37
1
61
142
3
208
345
475
12
4
49
57
4
5
4
65
5
37
1
1
1
1
1
2
21
1
2
2
19
17
19
246
19
95
5
6
12
21
21
2
2
2
2
25
25
3
7
3
17
14
2
173
2
177
24
25
13
233
34
33
30
22
8
9
9
10
6
175
7
170
20
31
31
9
179
11
172
5
8
1
4
2
7
4
4
1
2
4
4
1
21
20
30
1
4
5
7
1
2
2
5
2
1
1
1
1
2
1
1
2
31
4
2
6
103
11
3
2
102
3
14
2
2
3
2
12
4
10
12
2
2
5
5
5
5
12
23
21
2
8
181
44
52
49
332
61
74
198
55
215
75
8
3
3
312
715
328
734
62
10
8
250
39
236
42
20
4
4
1
4
1
4
3
1
2
3
13
5927
1
4
2
3
5945
4
6
14
1
1
6
4
7
10
10
6
1
26
25
1
24
1
1
28
5
3
6
8
7
5
7
8
8
2
15
2
3
1
16
2
8
3
7
2
3
17
8
8
1
1
1
1
17
101
4
5
5
4
3
3
2
8
2
2257
494
56
77
260
533
856
6
96
728
27
28
2245
2622
61
78
2640
96
526
8
490
2592
343
51
56
259
34
37
134
3
2
4
4
1
721
1
1
6
476
131
117
360
4
2
1
19
17
16
1
5
3
3
2
23
1
4
3
17
3
18
1
1
17
1
4
2
5
22
2
1
13
5
19
2
20
14
3
120
112
57
9494
409
329
859
188
336
192
2407
850
2331
285
157
114
6
37
179
1210
662
978
101
39
264
345
158
6
118
7268
69
2570
1039
384
6094
13
217
6
180
1285
1568
246
1429
12893
187
52
181
9466
64
126
394
601
787
95
40
67
56
7
4
5
7
14
199
404
67
298
2337
1
18
5
16
243
351
7331
48
6041
982
163
5
113
414
603
1061
190
232
5
234
1276
697
1537
390
8
125
807
10
47
71
76
45
8
4
1
966
46
3
1
9
1
8
8
8
9
6
4
4
15
1
1
18
26
4
1
291
21
48
29
25
760
77
116
8
11
13
3
12
51
12
8
17
44
66
3
3
19
69
28
75
20
101
70
7
2
46
15
40
760
51
20
37
107
17
18
12
19
49
79
1070
93
43
814
212
46
46
65
41
29
53
24
73
51
1092
31
32
32
107
32
114
30
78
106
215
70
104
1
2
1
1
4
4
1
1
2
127
1
121
3
2
1900
1908
166
4
3
5
2
3
3
335
2
26
63
32
41
3
22
43
1
4
4
1
311
386
141
476
297
396
142
8
48
141
298
334
225
464
305
459
788
789
785
782
775
6
2055
5186
5204
360
10
133
133
2485
2
3
1151
40
36
220
190
160
151
149
172
169
3
596
370
389
373
378
376
19
181
296
2
1
34
40
2
7
34
8
34
3
6
60
61
2671
2649
2
35
64
62
121
58
2
164
171
52
34
15
1
23
1
19
7
5
4
4
9
52
1
51
123
169
1
156
7
1
1
1
2
65
40
45
84
21
35
70
747
421
35
73
46
424
74
80
26
77
80
61
14
2
39
15
5
8
1
5
218
5858
2257
552
16
1772
1
1
1
10
5952
692
707
16
1929
218
750
77
100
1938
95
209
1286
210
497
1327
749
2655
1797
3795
2226
92
38
53
29
26
36
54
38
46
750
361
1138
101
43
490
664
259
32
101
36
760
2154
256
29
1153
480
31
2130
381
652
456
816
125
28
24
20
191
25
135
68
852
182
721
4
9
8
738
81
50
190
64
85
104
6
26
5
4
137
798
68
24
58
3
20
756
28
26
2
1
2
36
2
41
40
756
748
144
10
697
122
41
39
195
2073
73
14
15
417
2882
77
256
2591
260
316
64
2030
3721
783
4198
83
2468
3740
11636
1086
131
251
427
2909
141
11547
111
111
7
7
6
1
1
8
69
75
1
7
6
2
8
25
25
14
5
1
10
7
1
5
1
7
5
46
18
19
9
5
5
1
1
39
26
7
1
51
61
532
60
536
7
19
62
71
537
2265
547
2262
53
4
5
1
3
5
12
1
136
18
44
1
1
22
2
2
29
9
9
3
1
2
65
538
92
676
456
15
688
15
31
5
2
128
1
429
4
13
25
15
8
7
12
20
11
4
2
1
7
161
4
280
445
20
8
2
17
102
623
562
1
184
8
167
1
123
62
2269
90
127
3500
1
17
689
160
348
40
622
1
607
27
2
183
36
8
178
4
1
126
532
2320
643
3472
29
423
331
15
3
87
94
11
12
4
1
2
1
3
5
2
1
32
36
109
363
115
1156
2
2
2
1
3
21
26
4
4
15
6
2
5
535
146
16
4
1
31
23
109
28
42
80
6
27
9
16
37
51
31
1260
79
10
47
14
7
1004
17
20
307
112
103
225
420
2
221
119
269
12
16
1010
254
296
144
280
1278
11
5
27
32
113
5
21
22
10
411
122
147
24
1
1
12
3
12
3
33
17
6
4
12
3
271
3
19
21
100
98
41
39
11
12
25
581
179
4
14
38
12
2
2
17
2
2
1
13
4
27
2
3
1
3
1
1
411
411
14
13
15
3
1
1
1
32
1
1
32
14
