1
1
1
1
1
2
1
175
15
1
8
47
11
1
1
1
212
19
1
139
2
16
1
1
1
29
1
1
9
1
3
22
39
9
2
1
2
1
44
1
4
1
1
47
1
70
1
6
25
6
1
34
154
26
1
1
11
16
4
4
5
1
15
1
1
39
5
1
7
17
18
1
1
15
1
9
1
1
7
3
20
5
19
6
8
15
7
1
368
40
11
32
14
18
12
1
1
1
6
16
1
1
17
12
16
19
15
17
16
156
44
1
1
1
1
17
1
10
14
5
4
9
14
4
2
1
5
8
9
18
32
7
3
15
7
6
12
5
14
31
8
6
9
8
5
3
53
43
27
16
5
60
34
85
4
59
13
12
28
6
18
13
29
28
3
3
3
3
46
28
37
17
9
24
38
61
25
21
57
70
49
57
60
48
62
82
62
45
14
46
60
102
86
31
47
70
8
48
13
8
5
11
3
14
9
31
9
6
3
4
24
20
32
60
6
52
24
1
2
10
25
6
27
21
26
57
6
9
23
84
35
76
23
12
13
15
4
16
12
11
40
6
9
9
2
13
6
16
14
20
32
23
7
1
16
7
16
10
26
41
21
28
1
15
22
37
42
4
25
2
17
15
4
22
6
50
5
23
81
3
8
27
13
22
19
29
50
9
19
31
30
52
28
57
3
5
15
22
21
78
5
5
43
1
35
25
14
30
26
43
64
24
12
12
12
24
6
28
14
17
29
5
5
2
3
22
35
28
11
40
26
30
33
49
21
9
9
18
6
41
6
34
21
41
7
5
43
26
9
72
38
4
48
39
17
41
3
18
13
19
11
3
7
26
128
24
12
2
3
1
26
4
5
12
8
2
8
8
3
6
11
10
3
5
18
3
11
9
30
15
80
10
4
11
12
9
5
8
7
10
14
5
17
7
8
3
4
37
37
43
36
30
27
15
2
14
4
1
26
44
19
22
4
20
43
30
7
12
12
52
265
12
107
80
17
16
19
51
69
2
5
16
5
16
53
10
17
20
28
40
57
5
21
1
6
20
6
16
25
145
95
583
4
19
30
14
25
2
5
23
1
27
36
15
10
4
21
3
4
1
19
15
11
2
7
24
17
20
2
53
15
11
19
57
40
21
14
5
11
16
28
10
6
32
26
48
24
30
8
26
25
30
6
495
31
9
16
34
37
47
37
13
37
27
6
13
9
38
25
8
16
52
185
59
8
24
16
31
4
3
23
10
21
10
99
5
50
13
18
24
43
26
149
11
7
30
23
23
5
109
11
80
8
39
17
7
5
387
139
7
2
94
67
5
12
58
18
67
93
12
134
32
30
20
11
25
2
44
68
25
8
114
2
20
22
25
13
24
12
14
17
4
11
9
84
396
22
16
8
51
5
18
12
29
69
11
50
21
114
43
15
37
7
9
25
12
8
13
9
49
25
27
19
50
21
16
17
7
34
33
3
24
57
25
22
46
31
63
4
44
43
228
23
43
25
20
5
22
16
86
16
14
75
53
38
1
53
6
28
21
30
8
18
29
33
12
25
30
27
11
13
15
24
22
11
18
20
27
26
48
58
38
34
7
13
79
37
27
8
37
35
23
29
31
38
49
21
82
9
16
2
22
23
41
12
19
15
17
26
35
37
3
7
40
2
9
23
7
28
26
16
14
24
18
12
36
18
23
29
23
41
13
6
8
20
24
118
21
49
27
19
13
16
14
2
39
32
199
4
15
55
31
14
26
46
24
32
79
44
1
2
46
10
34
15
81
45
2
38
2
21
25
16
37
18
27
86
3
22
50
19
25
55
62
26
29
50
22
22
26
21
35
30
19
31
7
20
4
39
3
20
24
50
17
1
38
26
34
4
57
30
35
12
46
16
45
87
29
27
238
45
38
343
27
363
8
74
8
18
31
39
9
2
5
34
13
167
42
37
7
31
28
21
64
23
63
30
61
26
26
11
29
93
31
289
14
38
13
45
58
16
16
22
94
30
42
2
21
27
88
74
77
35
28
44
30
26
51
83
38
45
46
3
4
80
22
11
4
8
14
2
4
19
19
33
23
2
6
6
3
5
11
6
20
10
29
9
4
29
1
11
14
7
16
8
31
10
31
40
29
134
4
22
6
7
7
3
4
2
25
17
87
16
30
10
6
35
16
30
7
7
17
19
9
51
27
204
27
31
12
118
89
4
47
10
1
4
39
74
8
128
10
114
23
26
23
22
4
81
22
26
14
18
18
33
44
19
12
353
10
4
25
18
32
3
2
23
2
13
24
9
13
28
26
6
43
69
18
22
15
36
1
87
29
40
76
9
28
7
22
49
47
50
31
21
40
6
27
58
5
20
16
21
2
27
163
61
7
8
28
59
8
2
4
5
5
11
39
21
2
9
21
9
32
16
2
51
59
282
25
2
1
195
10
5
6
5
8
26
54
3
2
34
5
3
3
11
41
3
10
9
23
36
13
10
4
4
57
41
21
31
11
34
32
10
13
45
7
8
5
12
4
2
8
6
20
26
5
2
3
6
8
7
544
16
109
139
57
67
31
6
60
33
30
128
20
3
7
3
26
2
14
34
19
4
10
11
13
9
22
5
47
35
13
34
14
21
30
11
6
4
23
38
5
57
2
39
47
1
1
4
13
16
22
5
38
63
9
21
24
21
19
8
123
36
11
69
11
4
26
46
399
32
9
5
42
4
11
9
23
24
34
12
8
2
14
12
6
16
6
24
3
8
9
11
8
10
8
11
13
10
9
7
24
27
18
45
42
28
107
13
10
12
60
16
3
5
5
45
10
350
27
86
14
5
31
5
61
4
32
2
1
8
37
32
17
16
29
8
2
9
7
5
13
5
3
33
24
7
300
46
7
2
2
36
3
9
8
220
7
52
8
14
40
22
6
7
4
11
13
17
7
48
46
45
3
36
23
3
13
22
11
25
6
2
25
2
18
52
64
43
6
35
9
32
15
3
8
24
12
10
3
13
43
29
73
59
1
35
11
7
6
5
21
17
32
18
32
6
13
35
17
38
15
14
25
18
56
8
16
6
5
201
5
31
23
17
27
9
9
30
5
47
22
38
37
28
25
24
4
27
4
27
5
43
16
7
117
280
4
29
17
11
6
10
18
40
12
6
19
13
116
56
17
7
19
7
5
12
10
19
1
113
5
13
8
274
6
4
16
23
10
11
35
69
92
22
100
32
16
47
43
91
5
48
28
54
25
18
7
6
17
19
40
1
173
42
24
65
34
7
57
37
35
86
14
85
90
42
60
8
55
17
91
14
11
12
22
6
4
3
81
11
13
12
57
40
44
33
30
27
3
9
8
51
6
46
33
12
56
28
28
12
133
34
9
18
27
3
29
25
40
35
12
21
10
25
30
24
78
46
28
22
43
35
8
16
9
4
26
9
5
18
5
54
51
15
27
864
10
21
15
30
17
4
38
4
20
17
6
13
9
24
23
25
39
8
5
5
3
74
46
20
14
16
11
29
5
19
75
20
31
3
2
2
24
17
17
21
3
67
41
32
51
11
56
5
18
50
26
4
29
8
22
11
15
27
24
32
4
6
9
39
11
32
13
13
13
6
31
20
32
3
16
21
27
12
31
53
17
48
31
69
36
20
33
30
23
32
24
40
35
6
30
8
8
18
23
19
8
2
16
15
22
28
7
4
26
34
4
27
59
42
1
7
20
6
15
7
23
22
21
10
49
4
21
24
1
3
2
24
28
2
62
13
6
4
8
20
27
7
12
5
3
25
32
29
6
7
9
19
34
26
23
28
32
44
22
33
30
30
17
10
11
6
34
6
67
6
28
11
35
53
46
4
17
23
27
15
9
11
7
312
21
50
12
16
16
10
1
21
4
8
2
182
5
6
18
39
8
52
3
47
17
6
27
6
46
5
10
67
8
40
33
5
4
10
16
3
14
3
13
17
49
44
48
7
3
5
21
9
20
9
5
7
61
48
14
8
3
22
26
23
31
28
27
33
35
33
31
29
31
24
29
37
37
43
40
5
36
36
36
37
38
37
25
21
34
33
22
18
20
14
22
20
15
26
47
10
18
14
32
33
6
9
40
41
52
20
11
22
13
8
18
18
38
4
44
40
17
29
8
38
2
9
34
1
19
16
26
24
26
6
1
10
5
1
35
17
4
18
10
4
101
20
5
11
20
49
437
17
10
6
4
105
29
2
16
43
49
53
39
16
30
48
40
56
38
21
11
26
32
10
8
14
52
23
34
6
3
5
2
1
45
8
6
34
9
29
4
4
26
23
32
25
5
61
30
19
26
25
31
55
13
70
37
17
32
9
9
7
1
18
20
26
45
46
14
15
13
14
31
46
3
10
27
38
11
27
20
34
634
25
32
34
2
1
28
8
11
38
39
4
29
2
1
5
27
20
16
45
44
32
13
26
42
45
35
18
11
11
17
43
29
42
32
13
27
18
13
3
17
8
17
50
21
9
18
7
6
4
35
21
31
37
19
23
29
1
22
52
55
40
13
25
10
32
17
46
23
9
21
19
28
30
33
36
10
13
2
32
31
22
19
15
23
28
32
9
17
20
22
38
26
39
28
95
15
31
17
3
28
6
3
48
33
27
12
52
14
30
17
24
27
22
23
10
9
9
5
8
19
7
29
4
53
4
22
40
4
2
31
19
72
30
2
22
33
14
63
28
22
9
27
81
23
13
73
7
58
2
12
18
32
10
13
11
115
29
10
26
23
27
35
57
70
23
60
31
9
7
2
49
4
17
9
47
29
37
5
1
1
7
18
5
65
19
29
16
20
22
59
20
6
4
56
20
20
21
74
2
22
35
29
26
18
1
26
25
4
18
26
27
23
86
16
20
14
19
5
1
5
8
15
62
19
19
113
14
16
15
6
18
12
173
39
26
43
2
8
25
21
2
28
7
5
30
8
2
109
30
25
33
9
7
30
7
15
10
9
5
4
4
24
5
4
30
12
19
16
5
17
6
37
31
14
7
25
2
9
10
2
5
6
28
9
11
4
2
5
9
81
28
105
111
269
78
25
169
19
42
54
25
30
30
30
20
36
45
12
9
11
29
18
21
57
2
42
34
20
29
23
27
8
18
25
18
7
4
16
24
11
2
8
30
23
6
24
6
34
6
54
18
32
9
14
34
444
8
8
2
10
39
15
18
20
8
23
2
9
14
16
8
11
4
6
3
7
30
14
6
3
6
10
2
11
5
29
12
22
13
2
30
9
30
45
12
10
18
28
20
6
12
36
23
10
11
27
19
52
13
12
11
16
22
9
12
310
32
52
12
4
27
23
33
4
10
17
5
43
34
20
194
21
3
32
21
16
15
67
13
10
14
9
19
7
18
12
9
12
54
28
26
10
17
42
42
33
32
5
5
3
172
24
23
31
29
27
26
22
69
11
20
22
26
30
39
8
11
10
36
10
30
14
24
50
104
23
24
25
34
169
31
27
33
3
46
36
54
8
42
8
2
22
21
25
13
5
54
45
47
3
24
3
19
16
9
6
71
20
7
59
34
132
24
1
326
31
20
22
1
13
12
6
5
7
39
31
4
3
6
52
44
38
16
29
29
28
20
24
2
23
35
33
25
14
14
4
24
25
33
3
5
4
91
27
54
33
48
28
16
65
3
8
6
42
3
11
34
25
3
39
38
31
1
41
43
2
5
35
2
27
12
15
29
5
7
33
43
24
17
23
51
24
29
2
6
76
7
8
5
24
11
33
8
11
32
2
3
1
15
2
44
9
15
53
44
18
25
35
13
13
427
14
10
17
38
10
14
22
41
11
9
20
44
14
72
42
13
19
9
4
10
3
9
30
34
8
17
29
27
9
13
19
70
35
6
9
11
23
21
30
22
21
22
2
17
2
37
12
18
23
5
10
47
64
35
2
14
130
11
34
3
5
5
9
26
11
4
14
2
13
5
26
1
33
23
1
48
11
29
46
47
15
28
13
119
14
46
68
18
17
38
7
23
22
18
117
20
11
13
31
11
32
35
23
39
52
4
30
4
41
26
15
25
14
4
20
1
9
3
29
59
4
17
21
51
2
9
2
32
16
9
44
21
8
2
29
9
71
42
29
52
8
10
32
15
22
3
21
30
58
40
3
5
28
21
31
37
20
9
12
46
23
25
29
33
7
7
8
22
1
17
4
3
14
42
25
5
3
13
24
6
12
2
22
8
16
2
126
17
17
9
59
70
37
23
4
12
60
4
21
7
39
5
8
5
2
8
11
18
11
4
2
3
6
6
35
16
58
38
12
9
19
35
54
60
13
44
17
53
4
13
3
41
36
29
4
34
26
31
8
26
8
9
8
6
31
6
15
13
29
27
29
4
104
39
2
7
9
9
6
7
3
24
23
6
25
21
20
15
34
10
40
10
39
1
48
22
52
24
38
4
18
9
27
219
19
47
3
18
20
9
19
29
22
25
35
270
52
10
30
15
34
54
28
42
20
18
2
13
7
21
25
8
27
28
112
75
76
24
32
37
87
24
37
50
51
23
14
141
3
82
6
32
16
79
58
67
12
22
38
29
32
48
85
55
31
48
44
43
35
32
30
80
24
36
54
25
26
21
45
79
19
38
28
15
35
35
97
19
62
47
48
18
59
97
38
73
3
35
35
52
19
30
45
58
50
335
5
32
35
25
27
25
16
29
1
27
26
24
28
19
16
48
15
28
24
38
26
3
18
19
25
41
5
3
13
3
27
65
7
51
39
46
31
5
10
38
27
6
33
141
32
64
8
37
3
44
45
62
32
21
50
19
11
22
24
21
30
57
27
7
11
6
1
41
21
91
48
19
19
27
26
54
26
13
87
33
12
1
30
21
35
7
42
30
21
35
31
71
39
32
16
9
40
33
11
5
5
58
22
26
15
14
25
20
16
38
18
54
26
14
27
37
78
23
54
26
14
34
14
16
27
26
28
12
23
8
15
35
36
8
9
21
37
35
45
42
30
24
76
23
46
2
30
17
31
45
60
107
32
20
19
39
16
24
32
20
40
3
8
32
34
33
30
25
3
19
13
10
2
3
28
51
30
3
15
9
18
2
16
60
10
118
3
2
2
9
14
35
50
3
9
7
25
42
3
23
25
15
48
12
51
10
3
5
6
9
3
17
14
24
5
8
4
9
27
61
3
9
1
48
91
97
19
14
11
13
20
15
30
48
27
13
17
27
102
21
9
22
5
50
13
32
22
18
9
1
8
3
44
47
45
10
23
47
4
3
43
2
11
21
20
1
18
15
38
11
8
53
5
24
24
32
26
8
38
52
30
45
17
9
28
3
44
3
14
55
17
46
1
2
14
14
39
14
18
46
7
5
6
13
14
17
24
1
17
36
15
7
19
1
30
19
11
6
53
15
34
22
14
23
7
24
44
2
5
65
8
1
3
2
14
3
59
303
1
7
4
37
1
2
7
42
69
7
42
21
4
5
37
2
5
125
3
46
3
4
3
49
8
37
5
26
46
30
12
33
31
1
2
2
4
24
18
5
6
4
26
10
10
3
330
19
9
11
14
10
1
3
2
5
3
23
8
3
27
6
1
16
2
7
5
22
9
3
24
1
6
5
45
4
13
5
69
17
22
10
68
64
34
87
3
63
9
8
17
62
51
39
4
106
19
22
38
28
2
44
1
8
11
6
24
8
14
5
10
24
3
15
27
25
4
26
42
62
9
19
5
8
65
6
3
140
12
13
33
40
12
11
3
28
23
138
44
9
22
59
53
4
15
12
2
8
22
3
15
8
24
1
8
8
7
22
5
28
19
23
9
19
7
31
13
36
1
40
22
16
7
35
43
51
3
16
16
18
28
28
12
20
22
9
6
33
6
4
17
16
2
33
3
11
3
23
40
60
8
22
9
18
41
4
5
10
3
2
9
14
50
10
2
17
17
26
17
35
11
9
4
8
1
6
2
39
9
41
3
34
12
24
28
62
31
10
20
28
20
10
6
78
28
5
10
47
12
2
9
28
2
19
18
13
27
75
37
27
18
15
14
5
40
11
25
8
28
20
28
23
8
9
10
22
30
25
59
4
14
312
9
21
19
18
23
59
15
26
30
25
8
20
23
33
2
26
41
22
21
26
12
30
57
16
5
11
10
8
39
24
38
30
42
1
21
2
3
28
36
30
23
35
26
11
60
1
36
2
74
28
68
64
136
26
1
10
19
80
5
71
6
4
23
10
11
15
26
9
13
14
83
18
3
7
24
3
16
22
20
13
39
30
9
33
28
3
27
2
6
13
18
48
2
25
18
23
1
8
26
15
29
16
35
19
99
14
29
41
17
107
104
54
48
44
38
22
39
20
17
9
9
13
12
20
6
38
22
28
2
20
21
20
30
20
17
15
105
41
3
22
17
1
4
5
2
18
16
2
61
5
10
33
11
2
1
26
20
9
2
24
23
10
11
18
8
16
8
32
66
34
16
6
9
36
25
29
22
4
2
30
3
20
24
30
4
13
18
53
4
6
15
18
7
38
26
43
46
41
37
11
25
49
16
3
33
28
17
10
4
8
2
3
46
36
65
40
6
31
31
17
33
16
42
11
22
32
16
14
16
16
27
21
7
1
33
19
1
30
5
20
37
8
26
7
90
11
24
22
2
46
30
58
28
59
2
33
42
28
6
30
23
5
52
17
13
17
47
21
26
22
2
5
32
31
24
10
34
26
34
50
32
12
15
11
41
25
39
96
53
55
31
34
2
18
11
31
27
31
39
38
15
10
89
17
36
4
15
38
54
45
17
18
5
43
37
18
3
305
2
9
26
4
10
24
19
33
34
28
3
11
5
28
30
17
29
35
26
9
20
7
45
23
2
25
33
23
25
29
26
24
7
53
41
11
75
3
36
1
5
22
1
42
35
28
1
32
31
32
22
20
32
33
4
28
15
7
8
36
60
39
14
14
10
51
35
46
26
66
87
29
37
33
10
16
18
34
255
74
5
32
24
20
4
90
24
10
51
1
21
19
7
34
18
28
3
26
10
18
11
28
37
24
23
15
6
3
37
29
20
28
27
32
13
2
19
18
51
23
4
27
19
37
6
26
17
63
3
43
22
5
36
52
17
25
27
28
4
6
19
15
9
26
32
10
22
11
23
2
37
28
14
15
8
10
11
15
88
35
29
28
25
21
16
5
7
33
31
37
22
36
28
11
49
2
53
25
30
8
44
15
28
30
8
4
34
16
49
10
43
28
2
127
19
2
33
61
4
45
30
46
61
25
24
57
12
15
4
8
17
11
35
2
34
29
41
40
1
1
1
150
14
22
4
6
29
22
22
33
44
3
2
39
31
10
28
33
23
15
6
53
7
18
42
18
16
29
10
25
1
18
18
23
15
12
19
1402
12
39
27
21
7
50
5
15
25
31
26
14
2
2
2
24
2
4
8
2
15
42
13
30
26
21
11
48
41
26
1093
6
47
9
9
19
7
11
62
21
88
34
55
8
10
26
9
14
40
2
22
33
12
17
32
2
2383
16
20
12
34
40
20
23
39
31
83
32
11
29
21
14
19
15
20
46
157
19
11
1
6
7
17
244
6
29
14
16
14
8
12
6
14
20
16
10
14
8
7
14
11
14
11
16
11
15
14
12
16
26
11
6
7
6
6
21
9
6
11
7
22
2
16
4
24
8
17
3
5
1
41
29
37
43
40
61
11
3
33
5
16
3
11
30
2
5
9
24
8
47
16
35
20
21
27
53
79
15
19
23
55
18
153
94
76
9
5
5
16
67
64
12
17
60
64
50
22
27
41
3
30
5
27
9
18
29
14
17
6
9
12
84
26
24
31
8
4
15
6
11
43
5
5
30
81
12
9
15
14
38
28
125
53
30
7
39
27
17
2
1
24
2
52
13
4
49
16
48
20
10
1
9
1
44
24
23
43
8
7
38
31
21
8
70
12
8
25
17
33
94
65
38
27
19
29
43
32
27
33
33
56
8
20
13
5
42
7
20
9
64
36
33
10
19
18
4
34
72
13
17
1
57
16
22
2
88
32
35
30
28
24
13
60
59
4
3
21
14
22
91
28
9
73
65
41
58
77
52
84
74
66
81
31
28
36
45
37
30
55
32
14
22
13
17
11
3
8
29
34
44
14
29
62
4
31
16
16
21
18
17
21
39
70
8
3
4
45
195
36
2
41
8
113
31
21
9
33
19
25
38
35
10
23
28
38
2
39
35
50
48
30
13
104
13
29
8
35
12
19
16
28
27
25
33
2
37
15
404
419
356
33
89
31
13
4
20
17
16
55
25
43
37
23
12
7
14
4
4
21
24
13
33
89
11
25
25
15
7
54
7
22
1
13
21
15
35
26
30
18
11
73
13
6
2775
15
383
7
11
1
31
5
28
9
12
7
8
30
11
50
484
16
70
24
9
22
42
12
15
36
5
16
22
10
5
1
2
8
8
16
37
413
6
16
5
8
34
2273
9
22
139
13
42
9
110
16
4
23
24
15
11
36
34
32
27
6
9
18
22
14
51
20
13
24
15
196
20
192
10
17
6
43
151
47
21
21
43
27
6
22
9
27
41
610
10
4
11
2
36
42
30
25
25
29
44
13
33
27
55
14
27
750
3
37
23
53
66
42
6
24
12
10
28
49
25
48
18
45
150
42
63
1
50
7
2
67
66
36
12
58
69
5
3
18
20
16
20
9
19
21
16
6
431
2
29
2
20
4
28
14
13
11
15
28
31
237
9
36
9
15
12
9
3
3
93
101
13
10
56
17
62
1
39
14
16
12
12
12
49
1
21
8
82
68
28
45
123
448
100
13
22
20
8
18
182
4
40
13
18
36
32
20
51
10
56
36
66
26
22
27
40
36
28
37
30
23
23
33
28
34
61
51
127
25
15
21
20
78
17
29
113
38
127
13
122
144
39
16
15
3
14
3
7
9
17
22
40
15
18
136
11
20
2
15
12
4
16
5
19
26
34
34
14
14
8
10
2
24
24
34
50
1
11
8
7
8
19
20
41
76
47
37
20
20
10
75
23
48
19
29
57
40
11
9
8
22
41
23
1
18
17
18
8
10
247
5
6
2
30
20
3
17
189
14
32
37
19
28
8
9
35
20
13
10
20
14
61
10
17
25
9
41
3
14
42
28
90
26
24
24
2521
18
2
3
44
15
2
7
51
3
4
24
31
33
7
3
15
1
1
2
4
22
132
26
9
41
34
1
3
14
46
11
19
6
18
27
29
10
21
13
20
14
7
10
24
11
9
6
19
38
30
29
32
21
28
29
18
31
10
2
29
28
18
23
34
211
63
27
38
24
19
37
36
241
53
2
39
17
13
29
9
35
7
19
37
24
22
27
54
4
24
24
31
22
51
39
29
14
21
1
24
28
25
14
20
27
25
31
24
14
89
18
22
38
18
1
3
61
19
33
37
41
24
43
16
11
92
13
43
44
30
37
17
16
37
22
76
27
12
15
2
5
27
27
33
22
5
6
8
7
33
30
47
6
30
116
89
22
28
9
26
2
7
20
35
65
31
29
17
32
35
80
25
1
36
16
30
1
22
41
24
24
2
4
3
25
1
285
3
43
45
14
41
15
22
21
12
40
14
36
48
34
152
47
6
3
158
11
238
6
151
18
48
18
13
22
106
9
7
7
9
24
6
23
185
167
21
13
29
34
29
28
129
6
7
47
21
26
2
156
29
12
20
16
13
29
46
39
12
3
15
21
27
21
4
7
5
7
36
8
44
24
706
3
12
11
1
29
33
22
43
7
18
35
23
36
101
182
23
9
11
3
5
18
30
18
11
95
17
17
13
119
26
12
8
4
26
23
10
20
30
15
16
22
18
58
34
41
5
9
29
27
10
7
31
26
13
20
16
5
2
17
27
49
2
3
39
17
2
12
9
8
8
10
50
18
45
76
2
5
3
6
52
15
30
4
18
1
27
16
11
26
12
24
9
29
12
14
14
26
46
50
10
12
2530
9
11
120
27
14
26
253
13
43
27
37
44
5
18
13
57
89
17
3
31
19
23
7
9
13
5
18
14
16
21
22
12
21
21
27
20
24
33
17
18
28
18
15
17
3
15
32
11
11
29
22
23
13
31
29
36
8
8
25
93
22
16
7
11
18
13
25
13
38
97
5
15
13
7
29
18
10
5
42
33
17
26
36
23
40
6
6
21
16
35
19
25
9
29
47
159
2
73
25
14
10
6
42
17
10
2
30
17
40
67
7
22
18
7
8
1
31
25
61
12
18
62
29
15
62
7
14
20
22
437
27
795
133
51
11
24
33
4
92
24
19
455
21
27
2
27
24
79
44
29
76
8
18
15
20
12
11
8
29
125
19
35
39
4
206
58
3
19
37
2
3
30
12
4
20
52
52
52
72
46
14
32
37
68
9
3
1
8
9
15
18
11
15
137
27
1
15
1
11
10
27
11
24
9
18
32
5
3
13
15
31
18
41
4
4
7
9
45
28
10
2
82
137
113
95
43
13
9
108
81
26
21
22
28
25
101
141
37
102
115
32
229
68
28
1
96
3
126
3
39
16
18
4
29
1
4
31
18
22
30
40
16
4
7
31
13
13
47
2
43
22
9
9
113
37
29
42
29
34
24
21
9
61
3
14
4
41
61
15
22
22
8
17
20
25
8
20
95
23
50
5
43
13
1
33
44
151
6
2
1
31
7
5
27
37
181
12
7
18
7
88
33
101
46
4
5
7
36
40
29
28
44
22
35
43
8
25
13
37
177
35
19
49
73
22
2
23
33
2
3
43
25
23
64
16
20
19
4
25
10
18
16
33
5
28
30
13
14
16
8
12
93
41
43
25
40
16
22
16
23
13
6
13
23
10
6
10
21
9
14
12
832
21
13
9
6
14
13
12
22
17
2
25
9
26
15
14
34
7
2
32
10
23
53
76
58
26
55
12
6
32
48
44
38
9
44
8
38
4
1
23
752
9
14
16
15
26
13
18
2
8
31
8
27
75
14
20
32
48
37
24
54
64
48
49
3
16
20
66
51
14
7
12
1
21
47
22
52
11
19
11
11
10
5
12
32
22
19
10
39
12
10
8
24
14
18
42
13
7
10
26
10
36
41
1
23
9
9
66
6
55
8
10
10
10
6
9
37
36
9
9
16
7
36
23
39
37
8
48
10
23
30
24
9
24
9
4
33
36
34
41
21
33
14
4
21
28
11
75
12
26
12
15
32
27
32
15
37
6
14
3
13
14
31
35
36
9
33
6
19
76
8
18
25
3
18
10
7
23
10
33
2
23
29
48
32
143
29
45
40
18
54
19
998
9
6
5
91
4
35
33
37
11
853
1
4
4
24
29
17
25
18
6
7
31
28
28
4
12
13
24
28
5
66
14
23
27
13
7
38
30
20
29
17
3
18
14
32
14
35
26
9
43
30
43
8
12
9
48
29
32
24
9
18
16
18
9
139
121
50
20
8
31
48
47
30
5
40
38
48
36
16
15
19
12
10
15
16
12
10
8
380
35
7
45
11
11
61
10
28
11
8
12
25
2
23
38
9
23
13
6
21
6
19
8
28
12
33
10
43
27
14
20
13
2
2
16
21
14
3
21
1
14
35
57
20
13
24
32
8
10
27
10
10
4
23
16
15
22
26
6
25
11
27
4
24
114
8
9
3
12
20
7
22
16
8
7
6
19
34
1
10
4
3
47
6
16
3
19
2
2
2
8
21
21
20
1
9
37
11
25
18
3
12
7
42
16
10
19
96
25
20
14
1
2
70
27
50
7
117
15
15
29
24
1
29
157
17
21
11
21
14
13
5
22
15
1
13
25
616
10
32
7
44
21
48
24
137
15
127
10
9
39
17
24
10
142
16
16
23
9
66
203
33
20
3
25
1
34
16
8
57
33
14
10
59
9
22
21
53
23
33
37
34
24
11
5
2
14
4
18
32
34
49
10
18
34
12
1
24
30
12
74
11
37
23
13
10
79
8
21
8
212
4
322
37
16
12
10
30
10
23
39
110
28
6
21
29
10
8
1
6
28
14
20
25
12
31
42
156
26
21
13
31
6
19
79
39
24
20
21
27
63
39
22
1
10
5
33
34
32
42
37
44
27
23
14
49
25
1
22
10
10
9
15
16
22
11
58
18
15
50
31
55
5
30
27
20
17
49
21
1
14
13
10
6
5
15
12
16
10
9
9
16
14
7
32
40
14
10
18
19
1
12
5
5
20
10
3
10
31
16
6
33
21
27
6
7
21
5
14
13
5
3
2
13
10
1
17
20
17
14
8
49
45
14
19
15
25
20
35
30
84
27
11
104
5
34
21
41
29
13
10
12
33
20
32
42
21
8
1
27
23
20
32
29
53
36
3
7
33
35
11
6
11
19
28
10
18
5
9
8
6
7
12
10
8
7
6
10
5
5
7
7
6
6
10
12
6
11
24
26
14
25
17
9
7
1
6
18
81
226
8
19
37
10
24
26
12
7
58
100
396
577
23
1
31
17
10
2
25
36
28
10
37
20
23
4
17
6
1
128
19
48
14
25
57
10
27
16
31
27
3
22
6
41
38
31
17
29
33
24
44
41
383
19
36
61
14
77
50
20
32
2
5
15
4
34
2
10
11
7
25
25
37
48
44
16
78
32
195
186
5
7
96
31
31
17
28
103
17
1
12
51
35
9
33
7
27
24
6
11
19
30
104
25
2
18
26
16
1
15
12
76
9
6
7
6
6
12
7
8
7
15
8
13
21
12
15
23
1
14
7
39
6
9
9
36
22
12
38
27
29
8
2
18
5
13
83
18
8
32
13
33
5
449
42
3
25
20
9
27
8
5
9
54
48
19
44
2
148
40
28
1
42
36
10
29
11
7
34
26
59
30
24
2
11
32
13
2
4
3
10
6
6
6
37
16
27
6
27
8
5
9
7
26
22
96
1
9
8
16
31
19
35
11
17
48
12
59
131
21
38
27
2
6
13
9
16
11
3
19
5
34
31
18
85
1
28
40
4
17
91
16
26
17
4
21
32
33
30
25
5
8
22
89
16
1
46
38
5
7
8
5
7
19
26
38
71
18
16
7
9
6
5
59
49
5
9
140
22
1
10
23
43
13
4
26
8
34
28
20
22
5
31
15
10
57
24
12
22
51
17
3
29
19
53
41
28
1
34
1
28
10
17
34
13
85
14
25
16
166
15
83
27
20
30
21
32
27
21
3
15
8
33
21
17
8
5
17
5
15
13
37
6
1
16
30
30
13
5
44
25
18
4
17
24
1
13
25
55
34
23
31
25
17
29
33
6
77
6
22
24
81
7
9
49
34
8
30
14
14
126
6
85
2
38
5
19
48
20
100
25
2
27
265
9
4
6
17
5
79
25
40
23
21
42
9
19
27
7
82
1
3
8
15
21
1
29
56
10
37
23
64
45
79
39
21
1
14
122
233
719
563
38
35
5
22
7
6
27
406
50
39
22
75
28
34
129
5
23
7
6
4
66
7
17
32
36
43
17
35
51
17
40
15
37
12
79
31
281
3
23
32
28
1
32
11
49
4
9
46
60
42
29
29
6
23
29
36
39
8
8
45
10
66
5
8
14
36
53
5
87
30
33
36
30
21
5
12
32
26
24
2
22
124
21
41
86
42
26
8
72
8
7
29
11
10
11
23
34
23
9
9
16
26
8
10
5
1
5
24
11
46
24
9
11
1
15
7
24
4
31
33
22
14
24
19
26
26
18
30
31
18
24
43
25
10
44
4
14
35
31
6
8
35
5
2
8
21
5
23
38
28
18
3
30
10
8
6
7
9
8
7
51
28
14
8
6
16
5
20
8
59
32
13
24
20
5
34
3
41
19
7
20
20
76
18
14
18
1
114
90
7
19
11
8
2
45
30
9
11
19
9
7
9
10
66
14
28
37
38
10
4
26
8
27
12
33
19
4
50
28
11
9
84
9
1
16
20
15
9
12
17
10
11
28
10
8
15
7
7
8
21
129
9
48
9
18
39
9
10
20
5
9
10
9
32
16
9
8
9
10
75
10
26
11
6
2
38
3
39
44
15
1
5
84
13
5
18
26
48
26
35
19
23
20
18
33
7
21
41
31
27
40
45
7
55
59
7
34
405
10
6
34
28
21
25
10
12
55
7
9
44
16
24
33
10
23
61
26
16
22
36
29
42
9
40
39
10
26
24
42
8
45
8
35
6
12
13
16
60
33
15
31
6
32
5
11
10
9
5
340
6
46
7
23
10
59
21
12
22
37
11
26
24
28
33
3
7
11
10
7
16
16
4
12
11
9
7
21
18
34
24
34
31
2
15
33
11
10
33
16
8
28
40
11
8
5
9
25
257
16
36
56
2
24
19
188
11
29
2
23
19
15
13
15
28
25
35
30
21
7
7
8
28
11
29
7
14
43
1
63
24
14
17
49
44
9
33
21
31
2
10
73
21
21
25
12
10
37
22
10
35
29
23
42
11
16
6
72
27
15
29
14
52
34
19
11
10
11
5
42
46
28
28
6
11
10
48
27
32
31
44
37
46
37
6
6
12
6
10
43
12
24
18
17
17
4
7
18
4
29
23
32
11
16
9
33
12
31
19
15
7
10
7
13
21
5
5
16
28
5
19
21
15
60
5
50
39
7
31
15
6
11
137
33
3
30
8
19
55
6
9
17
41
14
7
30
33
23
8
37
4
45
10
9
93
8
43
33
8
76
5
35
26
25
42
12
76
38
55
24
1
20
14
19
13
290
14
24
19
15
9
5
148
6
24
11
33
28
24
31
25
51
25
10
25
3
17
31
31
2
26
29
45
25
7
45
12
162
35
101
39
33
39
23
6
21
33
8
3
7
38
26
8
8
10
9
88
40
35
31
22
24
32
3
8
33
26
38
42
13
35
29
30
43
8
1
8
1
41
37
35
14
86
11
7
18
11
6
30
38
9
17
2
9
9
26
24
18
13
8
17
7
32
25
34
29
29
10
11
11
12
11
36
7
8
13
4
32
32
11
46
1
1
29
9
8
10
2
15
3
110
5
51
33
4
59
15
15
4
12
22
2
33
11
51
3
5
5
13
75
16
7
8
11
35
17
40
29
4
10
14
31
41
13
7
14
72
22
18
27
5
3
4
49
33
47
7
21
9
4
10
4
1
39
30
5
21
26
8
10
42
6
8
37
5
9
14
31
21
32
1
40
3
5
4
22
25
6
8
6
2
1
15
8
6
15
7
17
3
320
8
27
36
14
10
11
4
29
21
45
35
5
27
14
16
30
11
34
11
23
24
19
20
6
13
21
13
22
6
23
16
8
28
28
38
68
1
32
14
53
22
9
84
85
63
31
29
17
27
33
6
102
46
20
23
33
12
7
4
6
1
3
30
9
25
22
23
14
17
10
13
22
21
33
1
28
29
15
20
26
35
1
45
11
5
16
7
23
191
22
36
24
29
8
7
8
11
14
4
11
46
1
31
14
39
28
23
12
1
84
7
8
18
27
51
5
6
20
10
52
31
7
46
42
8
3
7
5
17
5
12
12
12
16
20
24
12
1
27
22
6
68
31
473
45
13
14
56
4
1
15
31
64
13
10
22
20
24
10
8
46
41
19
41
5
3
6
9
4
10
27
35
5
21
15
4
3
7
8
8
7
1
10
5
6
30
52
8
277
8
18
24
16
6
5
8
6
3
8
9
2
43
1
7
8
24
21
17
5
18
31
35
64
5
188
11
19
18
29
37
44
31
18
79
17
38
24
32
11
6
29
6
45
21
15
19
20
32
38
26
10
10
50
6
9
6
9
7
7
45
15
5
6
7
6
6
11
35
16
16
32
28
28
27
4
15
49
38
21
16
48
22
411
3
12
18
6
10
11
1
359
19
71
33
15
17
31
9
23
23
7
17
14
42
3
49
9
55
5
5
39
15
40
68
7
29
21
16
39
16
20
47
8
20
69
29
21
20
16
22
7
36
47
56
1
7
3
6
7
6
6
25
38
10
6
41
26
52
2
47
4
27
27
21
20
8
33
23
7
31
39
13
7
171
11
104
41
115
101
9
22
23
1
8
48
227
32
19
30
16
21
32
16
1
6
7
19
67
26
32
27
35
41
12
21
22
110
19
28
22
31
17
36
19
31
4
1
116
38
181
30
5
32
34
23
30
12
36
72
10
23
31
52
18
23
22
19
8
26
63
40
8
30
34
26
48
8
10
10
3
20
15
12
95
29
41
11
21
22
91
32
21
11
24
16
15
57
47
31
39
41
62
38
18
25
55
36
13
19
18
32
51
23
7
22
45
5
85
26
61
18
11
30
27
5
33
31
17
7
6
71
28
11
15
32
16
17
15
29
40
76
1
102
448
26
17
9
4
8
27
30
34
46
20
24
33
72
8
31
15
14
27
60
9
1
28
20
24
9
17
24
6
30
7
22
14
17
23
8
2
53
28
11
2
29
17
15
2588
11
8
27
19
9
110
7
23
56
26
11
17
47
30
1
43
17
67
53
10
30
31
1
30
6
26
30
43
64
34
1
22
558
6
5
7
1
14
31
22
24
7
6
6
38
6
67
7
29
12
3
10
48
8
24
12
84
17
7
37
15
10
29
49
31
7
16
4
31
15
13
9
44
28
28
18
5
9
24
17
79
3
41
62
1
5
13
6
5
18
40
4
13
3
5
2
2
2
13
3
26
22
4
32
22
1
18
30
31
26
39
48
6
8
7
14
23
12
30
1
19
93
4
12
29
61
277
172
88
78
6
4
7
4
10
41
30
42
32
28
9
64
3
9
16
6
30
11
7
8
15
7
7
8
6
14
41
32
8
17
43
117
4
38
23
7
14
16
37
34
35
30
11
8
9
36
41
18
5
1
26
24
31
38
11
4
30
9
27
37
1
9
7
7
9
21
30
23
150
7
29
14
166
15
28
5
18
10
7
33
6
32
34
45
27
11
3
21
37
19
27
7
8
4
19
1
8
10
3
50
34
15
15
11
90
19
61
35
15
573
24
77
36
19
8
8
415
31
20
8
18
21
12
10
19
8
43
31
5
19
32
38
16
5
33
28
13
41
46
3
20
26
43
31
7
3
4
161
16
20
273
20
182
11
382
12
8
19
21
7
54
19
40
30
35
7
7
4
22
32
32
69
30
10
17
13
30
19
8
176
3
7
13
16
9
92
24
5
70
35
8
41
24
26
30
24
16
41
23
23
58
32
18
10
10
31
28
50
24
19
9
37
62
10
4
8
29
1
13
4
8
10
15
10
7
24
5
117
10
6
1
9
18
45
13
31
26
34
22
18
19
40
6
29
7
13
4
20
6
37
165
6
87
16
15
3
18
33
22
7
9
15
6
10
21
33
10
33
146
48
104
45
31
37
3
58
1
1
14
12
2
10
4
21
13
6
7
53
15
38
50
5
29
3
21
4
13
1
38
5
8
17
3
5
42
15
3
8
102
11
30
103
19
26
18
2
5
8
1
1
65
4
16
17
5
7
8
20
6
4
8
16
11
8
21
88
9
94
17
32
3
17
17
4
4
7
8
8
8
2
17
4
17
27
2
51
39
28
1
22
10
17
48
4
3
5
5
25
7
7
6
258
21
48
58
28
26
35
23
191
1
75
41
14
79
9
5
138
25
46
75
55
27
38
19
25
30
10
24
52
10
42
21
50
35
64
7
50
31
58
78
40
7
32
2
4
18
7
7
15
11
34
29
28
30
7
24
32
2
11
20
29
5
23
21
52
44
12
25
41
25
28
3
22
1
11
3
8
23
15
12
52
24
6
12
27
25
30
4
14
22
21
13
5
1
7
8
7
24
21
21
174
156
31
32
18
610
46
6
2
7
5
39
32
8
6
35
14
112
213
5
129
24
28
42
5
29
5
40
17
33
16
21
17
18
21
57
29
3
38
79
36
12
29
8
33
51
48
2
34
412
43
123
30
8
13
37
415
8
109
24
34
32
18
35
39
2
153
22
121
33
7
28
391
684
56
110
28
54
7
1
10
1
34
27
12
4
30
12
7
6
17
15
14
8
3
32
10
117
33
26
70
34
24
22
37
17
36
34
18
26
20
1
22
24
34
27
12
81
37
25
32
11
6
16
26
10
175
7
53
5
51
26
3
16
28
5
27
19
42
68
18
57
35
48
6
267
7
11
2
4
25
23
54
28
15
9
33
53
98
8
32
15
88
4
43
18
20
9
10
17
18
12
5
16
21
21
1
38
15
10
19
5
8
20
36
7
18
12
14
21
4
2
2
43
20
19
22
3
20
21
47
33
11
6
32
36
21
8
10
3
4
19
29
21
10
38
3
8
33
7
79
21
9
37
3
22
6
8
54
20
23
34
40
66
54
294
1
27
43
31
2990
55
181
10
23
12
99
34
143
125
2
52
18
18
19
31
31
35
12
16
31
191
132
659
39
67
9
9
38
12
13
14
28
3
6
52
48
35
28
7
11
13
80
10
6
8
18
4
12
7
7
19
4
16
36
1
21
10
12
2
2
150
28
46
57
20
6
7
13
47
1
30
25
33
29
23
32
28
30
32
11
20
19
88
43
11
24
24
26
11
7
26
5
28
19
24
41
30
33
367
4
33
3
51
23
27
39
4
22
34
6
333
65
12
8
11
16
53
32
19
11
33
46
2
10
11
1
149
28
18
34
8
28
8
33
34
69
2
16
4
5
2
10
38
4
21
3
8
2
2
15
33
4
3
2
32
6
5
20
28
4
19
16
3
12
4
8
47
33
36
36
14
14
13
5
3
50
11
2
5
7
24
18
82
33
1
34
37
20
2
13
12
15
37
28
12
5
18
2
2
35
23
1
89
18
30
67
64
1
64
1
16
476
7
9
10
2
55
109
19
38
30
375
9
28
8
14
28
64
13
16
2
428
1
35
34
39
206
20
3
67
6
6
46
1
38
15
16
125
18
61
18
12
50
9
8
5
27
43
11
24
7
22
58
120
3
67
6
6
29
28
4
15
4
28
15
45
17
32
12
5
92
84
10
4
216
2
114
8
5
20
25
1
1
3
26
2
33
47
34
4
4
182
44
5
48
27
14
3
22
26
7
42
13
18
24
30
4
16
30
8
7
27
10
25
6
17
7
4
6
15
21
10
20
18
4
12
37
25
14
13
35
6
167
7
57
22
9
6
9
21
22
3
47
6
38
17
13
3
36
33
5
32
43
46
20
13
24
4
17
13
6
1
8
2
12
18
5
44
6
22
14
18
27
7
81
30
8
2
26
18
4
7
8
20
2
27
14
2
6
29
2
8
23
33
16
35
16
36
34
6
3
36
42
519
7
38
16
62
19
21
25
31
18
20
48
79
9
33
85
16
14
8
6
9
25
27
33
307
19
20
40
8
245
14
67
177
10
2
1
245
18
13
139
4
30
18
31
3
2
11
27
4
20
21
39
14
7
5
15
201
33
36
7
5
4
7
27
4
23
10
2
111
10
17
6
18
113
33
23
12
31
18
75
43
17
302
14
30
23
17
31
3
23
9
31
21
25
13
16
23
44
19
16
31
43
10
2
73
27
13
10
10
23
29
41
43
51
21
24
18
19
8
38
16
24
21
18
26
17
34
21
26
12
33
13
30
353
12
29
21
39
48
241
26
47
25
48
64
179
16
22
27
21
39
21
29
14
4
17
10
13
63
4
58
6
1
7
5
30
5
29
25
19
11
23
32
11
104
28
29
12
40
1
19
14
39
14
2
33
29
94
7
14
12
68
14
17
23
19
29
44
17
11
44
38
3
12
8
7
13
5
18
2
3
18
21
60
22
25
12
21
29
17
30
40
7
13
8
19
21
7
1
89
24
8
3
12
20
31
193
11
39
6
7
7
6
4
11
1
54
4
5
19
17
30
24
2
35
35
6
100
1
1
4
23
12
1
33
18
40
12
26
88
74
3
7
8
22
58
39
7
31
23
30
25
8
33
10
25
11
22
2
28
6
21
31
31
6
140
22
58
3
1
16
16
24
4
32
29
13
18
8
4
49
11
14
65
28
47
15
16
50
36
3
119
18
26
26
33
6
17
16
11
17
41
37
41
37
33
5
37
6
29
11
31
26
18
30
1
10
6
12
5
16
4
9
39
15
2
23
58
10
29
5
9
8
13
1
16
1
1
50
4
1
6
10
6
8
34
5
35
49
28
13
17
26
27
41
6
25
12
2
9
15
72
10
28
128
23
11
39
14
43
41
18
45
6
107
53
41
68
9
17
23
12
20
20
45
4
2
6
82
7
11
21
15
16
4
57
14
6
27
55
1
10
72
23
13
3
81
116
25
3
72
5
58
9
29
59
18
2
14
6
29
24
7
22
7
138
4
12
76
32
225
1
140
74
18
12
34
38
18
29
18
22
20
47
7
8
8
12
3
203
45
73
60
15
36
192
50
3
35
42
15
5
34
17
14
57
63
50
17
19
21
37
10
23
96
10
25
24
45
4
177
42
27
10
20
12
50
16
165
5
47
53
28
11
22
7
19
25
10
71
39
42
24
66
19
28
7
35
22
18
5
6
6
60
12
98
2
25
23
80
37
29
42
24
35
80
52
39
27
29
23
26
35
28
2
20
12
76
39
6
33
40
44
16
1
75
47
86
6
6
32
13
6
17
1
19
23
31
20
29
13
12
35
31
5
32
14
25
36
53
25
25
20
13
45
65
1
12
51
44
47
25
28
29
15
18
10
19
28
28
6
4
24
16
27
2
2
54
39
9
3
30
30
39
71
28
4
16
3
14
9
29
53
26
8
15
18
3
11
26
17
3
23
26
7
32
25
28
15
33
33
31
24
31
5
80
36
27
6
26
17
28
26
4
10
5
28
27
19
22
12
19
10
37
118
43
18
29
4
63
3
16
2
37
6
14
21
42
2
2
12
57
8
1
10
8
135
40
11
8
5
84
54
9
56
15
49
29
1435
3
3
62
27
11
22
6
34
37
40
25
7
7
11
6
54
44
1954
46
3
83
155
23
52
16
7
108
174
63
9
49
7
49
58
98
97
8
26
8
34
14
37
9
43
3
30
105
17
5
12
25
38
28
34
23
14
35
27
4
40
33
6
32
25
20
58
1
93
50
15
2
21
7
11
7
66
42
1
5
7
19
2
42
22
50
6
35
13
16
5
11
57
16
16
6
5
21
30
42
1
127
19
15
65
24
9
104
41
19
5
6
10
28
38
34
30
172
38
10
26
21
38
25
9
122
22
13
37
41
35
17
2
16
33
4
3
34
137
28
37
3
33
10
36
22
35
28
11
30
23
2
4
18
4
14
37
18
2
27
35
14
17
28
76
42
4
66
38
27
12
15
22
18
21
3
10
8
13
20
7
7
8
56
27
131
14
53
51
148
24
25
75
10
29
8
53
29
108
17
17
30
22
98
139
1
11
4
25
3
9
4
29
11
28
4
2
28
40
42
27
70
9
27
32
38
38
51
51
12
7
32
14
36
28
36
10
16
38
20
6
46
57
7
15
40
36
8
12
2
19
15
27
17
15
12
3
7
34
24
17
40
31
5
30
9
11
9
4
25
491
11
38
67
54
15
2
24
34
59
22
34
3
8
14
3
34
27
11
7
25
61
12
10
8
6
11
17
112
5
6
8
14
25
26
25
41
6
26
5
7
11
13
7
11
9
37
23
6
28
8
29
34
5
36
14
17
28
4
96
110
1
39
14
26
25
4
9
37
17
2
55
1
44
2
2
20
9
24
29
15
10
23
17
6
24
8
15
21
34
21
48
12
17
20
7
16
13
45
16
21
7
10
20
34
38
7
30
8
41
26
66
15
19
28
15
15
113
8
64
6
4
27
15
6
13
8
4
3
8
8
27
32
2333
3631
47
4
22
7
23
39
5
222
57
17
10
13
6
93
5
41
5
31
15
32
10
23
35
14
59
6
35
5
2
54
7
36
1
24
18
28
20
3
8
5
28
15
18
4
6
46
6
22
17
39
15
21
42
25
13
5
38
16
9
24
8
1
36
5
15
14
4
25
83
3
18
6
1
4
6
4
6
11
28
35
5
9
21
34
20
25
43
11
40
63
56
22
25
22
47
66
39
35
4
6
4
35
12
16
33
7
6
30
2
27
20
16
34
73
251
34
2
7
21
28
29
16
12
19
19
16
6
23
31
36
79
34
28
16
5
10
71
7
12
23
3
19
6
1
2
2
2
49
3
29
5
10
7
13
3
34
120
30
2
2
29
25
7
6
9
31
13
14
1
20
54
10
16
17
13
23
150
108
117
7
32
134
14
23
13
24
118
139
13
66
4
41
38
45
30
32
41
33
107
2
11
59
8
9
7
8
8
3
36
13
7
11
143
8
3
32
2
26
11
22
17
40
5
11
18
10
7863
6
2
10
9
67
2
53
8
102
15
9
5
24
17
66
23
35
7
34
61
51
1
4
1
24
23
4
11
16
11
38
127
3
18
16
1
44
6
98
44
1
25
3
20
18
30
43
14
17
69
27
41
60
18
18
48
30
20
22
65
18
15
3
7
25
18
96
20
27
22
28
25
11
7
1
99
16
41
5
1
8
10
36
1
17
12
28
10
15
35
4
15
16
33
602
6
4
12
26
5
52
34
15
12
11
2
18
9
21
11
38
6
28
1
79
636
32
31
31
2
28
5
5
40
7
21
4
23
28
38
46
29
29
86
10
40
4
5
152
126
39
14
12
20
8
6393
31
35
3
16
7
21
48
12
33
40
17
49
36
42
13
28
6
35
31
29
27
158
37
33
33
25
9
9
49
42
90
32
2
13
31
31
17
102
23
46
102
103
104
155
111
95
66
152
20
34
46
11
15
26
40
58
26
7
8
9
17
3
31
27
5
24
26
21
23
13
50
17
2
600
164
40
8
62
11
43
3
8
5
3
6
21
146
22
25
44
9
12
43
2
57
42
22
17
14
9
11
10
19
13
24
38
6
16
31
17
33
25
29
29
33
20
42
670
24
87
26
1
81
14
21
6
4
51
96
2
7
54
4
29
15
11
18
11
5
37
7
5
54
4
32
6
35
7
94
25
25
34
3
30
36
17
4
813
6
13
51
11
7
12
1
10
28
9
51
52
56
27
8
38
56
8
6
87
9
6
5
3
7
3
11
3
6
3
15
5
3
10
6
10
33
15
6
6
13
63
102
38
23
1
7
9
13
23
17
71
26
24
4
9
46
8
4
16
11
5
25
24
5
30
40
29
79
32
29
26
51
14
6
9
8
4
26
4
36
50
32
17
6
43
26
23
36
8
94
24
56
21
32
31
25
36
10
25
47
37
27
21
16
13
11
409
35
7
13
17
16
42
25
22
25
23
24
25
25
26
30
25
18
23
22
17
25
16
15
11
14
25
15
18
20
21
10
18
79
21
59
7
36
22
66
10
54
25
26
28
33
34
8
47
18
7
22
15
39
50
41
40
34
5
10
11
1
66
27
39
105
129
134
168
105
50
8
147
111
8
5
39
29
36
40
11
21
31
23
28
2
37
36
21
55
23
77
32
20
12
55
46
6
7
35
1
7
18
42
4
20
25
33
5
194
26
31
9
92
5
28
36
72
23
31
22
18
1
51
2
53
63
11
34
11
39
4
39
22
44
23
34
1
4
20
13
2
18
26
16
2
41
40
52
3
23
5
53
35
22
23
6
39
37
3
7
120
31
6
7
15
39
1
29
36
83
21
18
12
35
23
3
7
13
6
41
11
40
18
10
21
25
7
21
4
24
17
10
1
5
15
25
20
70
31
24
6
29
18
25
38
28
12
22
21
49
30
32
17
46
2
16
4
10
12
44
39
66
17
43
12
36
75
15
14
29
80
75
14
24
12
21
34
44
15
44
7
37
20
6
44
30
19
46
42
32
5
162
34
29
1
110
29
42
6
10
52
34
30
60
11
10
25
28
13
9
9
19
13
10
9
100
9
34
32
161
11
35
11
23
19
1
5
52
9
24
40
228
8
9
33
33
7
32
30
22
36
31
28
7
7
36
38
36
33
34
34
38
31
42
38
40
33
25
25
18
52
44
31
23
7
8
22
45
49
4
31
11
1
1
25
89
41
46
31
17
8
40
24
54
18
20
9
17
36
17
24
11
128
19
28
25
32
7
23
19
23
31
69
12
19
15
44
23
23
14
48
8
45
7
4
19
66
32
34
31
13
12
41
22
95
173
38
38
5
30
34
7
27
1
18
20
16
8
15
7
25
2
5
5
6
3
25
28
153
31
12
15
4
9
19
3
50
8
16
32
40
5
5
6
7
29
33
28
405
52
46
3
52
11
8
36
62
36
28
17
12
21
22
24
54
17
47
32
11
7
34
11
1
13
3
3
30
28
442
3
20
3
23
21
32
29
51
18
10
11
6
119
37
45
20
5
4
41
25
43
20
23
31
49
18
7
3
6
71
7
27
29
6
32
22
3
47
5
21
31
6
10
60
6
21
41
1
1
3
6
19
32
23
26
22
4
51
3
16
29
80
11
43
811
676
18
10
33
10
3
11
33
37
3
43
148
26
28
27
23
36
41
21
32
41
23
15
68
201
11
351
15
1
11
3
14
363
30
3
12
14
11
8
24
14
21
37
8
4
44
28
37
6
8
8
12
20
3
46
6
9
4
6
36
9
21
17
15
42
23
9
40
11
7
39
38
35
34
20
32
14
19
25
10
37
12
29
13
8
21
5
43
40
45
31
31
38
9
92
84
18
68
72
240
70
23
26
47
19
266
4
15
25
16
21
3
65
21
21
37
42
48
47
17
30
1
36
18
21
28
68
71
10
366
9
18
6
7
9
11
4
85
9
30
9
24
3
6
2
33
29
3
20
25
8
3
3
36
40
36
10
23
55
58
9
12
72
9
15
4
5
4
5
27
7
17
34
20
7
18
68
4
32
28
31
13
32
49
73
36
51
308
882
2
43
18
38
9
13
13
6
77
11
15
20
508
98
18
5
4
36
24
45
16
150
22
10
48
52
59
12
5
6
11
6
10
8
11
2
107
7
3
8
5
8
4
3
5
8
9
6
37
44
13
3
46
29
37
21
42
25
4
14
6
20
7
33
44
19
17
30
18
98
24
14
8
57
15
131
7
8
11
9
10
4
29
15
1
19
38
30
34
13
2
4
8
9
24
57
8
9
8
16
5
51
22
4
16
3
60
10
1
8
9
10
11
37
21
16
5
1
22
39
36
9
5
8
11
22
14
31
10
2
34
4
10
24
28
25
16
2
10
22
23
1
15
10
30
49
30
23
10
10
13
17
124
12
13
4
26
32
5
17
10
20
6
77
40
24
2
15
27
49
49
60
19
3
30
1
2
6
8
9
68
16
97
77
6
18
22
48
10
2091
19
8
67
36
4
10
1
33
15
2
14
3
8
6
40
2
19
10
18
11
7
17
1
9
24
25
5
19
47
11
61
36
9
6
29
12
3
13
60
101
28
42
59
10
14
2
22
33
4
25
17
4
4
7
3
5
3
25
27
10
13
17
34
24
1
8
19
4
34
34
28
28
31
9
25
31
35
10
16
10
26
86
24
35
38
70
20
290
35
23
14
6
33
9
18
15
5
49
12
10
19
111
20
25
13
60
4
5
6
5
7
46
37
74
56
15
22
52
12
52
43
81
21
34
12
29
18
5
32
26
8
24
4
4
5
14
34
2
7
31
80
31
30
6
27
17
16
38
4
88
120
51
25
19
65
18
6
3
8
5
9
63
76
102
101
53
68
28
27
42
15
14
9
873
395
2
25
6
7
34
5
2
11
25
37
291
11
4
3
16
30
88
4
22
49
29
31
6
40
31
38
7
1
16
19
10
55
17
27
10
39
7
25
10
32
14
14
8
5
9
1
42
40
13
15
9
7
2
19
30
6
20
27
4
37
59
35
10
44
53
63
36
95
4
20
5
11
44
9
4
18
16
34
49
4
14
30
88
27
16
33
6
28
2
107
46
20
470
9
6
48
5
86
7
4
12
54
12
7
8
28
9
7
1
11
26
8
45
53
9
14
4
2
9
25
28
15
23
91
19
34
5
22
15
25
10
944
40
3
21
14
39
3
96
24
6
49
11
63
25
18
22
9
16
8
19
165
31
119
10
39
43
5
5
6
7
5
73
8
7
2
11
20
3
2
33
10
18
26
11
20
52
90
5
17
20
50
5
4
58
4
9
5
41
26
7
30
19
1
26
52
5
4
9
47
86
18
36
78
12
69
8
26
20
99
5
5
2
39
30
37
9
2
15
3
7
9
7
114
21
15
17
10
3
5
13
3
22
8
9
14
50
89
10
14
10
14
10
7
2
7
6
19
17
2
1
8
39
7
40
7
7
4
5
3
2
30
66
3
7
6
30
42
17
31
25
39
26
52
12
40
15
8
5
26
10
48
16
23
44
7
45
5
2
15
5
31
66
41
3
27
23
2
1
29
3
4
33
6
8
13
22
18
26
5
34
5
5
6
21
4
24
2
2
4
19
20
3
2
33
13
2
7
3
2
8
27
5
26
37
19
21
5
11
25
19
2
37
32
16
9
37
3
36
4
9
10
23
9
27
7
7
24
14
10
16
14
11
45
6
24
33
27
12
12
104
22
27
25
14
4
22
15
10
10
14
23
6
25
11
6
43
9
22
6
14
8
16
12
4
5
34
27
8
47
27
6
22
5
8
20
9
7
4
11
8
4
30
27
32
42
2
2
31
29
15
29
25
1
17
25
27
31
9
19
27
15
4
1
4
25
9
33
30
22
6
6
3
207
3
10
32
5
115
16
33
13
78
98
14
5
31
87
22
27
3
23
35
4
10
7
26
41
23
6
3
2
57
18
31
9
1
19
47
24
21
22
23
22
32
25
15
51
13
21
26
24
8
10
24
8
11
74
1
14
29
21
15
1
4
7
12
88
9
16
2
4
35
5
46
2
90
27
16
17
16
4
58
39
9
14
2
2
92
9
30
32
25
26
37
44
16
14
19
28
5
2
9
1
80
10
21
31
25
20
66
30
26
43
2
25
22
89
9
23
26
9
35
39
56
36
64
7
11
23
19
10
61
15
14
21
6
7
11
35
7
28
11
15
13
38
1
2
29
1
29
20
19
15
42
17
63
51
21
74
81
9
9
19
7
18
6
6
5
9
16
63
18
18
3
16
12
23
23
14
7
29
5
3
40
47
17
144
23
104
28
21
44
10
73
101
75
34
23
29
36
14
48
26
49
18
19
35
5
45
29
9
19
14
26
19
21
144
33
26
34
25
13
38
75
18
40
1
88
2
15
93
4
68
18
22
23
7
2
7
6
126
15
9
42
24
36
18
557
83
401
7
12
7
13
88
1
14
393
107
460
367
221
56
69
351
28
183
425
353
39
11
18
20
26
11
39
6
3
49
17
9
31
16
290
22
492
70
8
3
3
13
19
23
18
12
15
7
40
25
22
25
16
14
16
17
17
15
10
2
19
5
12
30
19
14
19
31
30
80
43
5
19
35
88
1
3
4
38
13
10
26
1
50
18
7
75
13
20
7
47
56
16
2
34
16
6
13
27
25
38
29
11
19
19
14
22
95
28
8
15
24
73
19
1
15
28
4
118
98
24
27
31
15
32
28
40
9
28
8
76
11
7
36
13
2
128
40
67
28
31
17
12
21
24
12
23
50
19
72
51
10
14
24
17
11
65
18
27
26
26
14
4
8
51
14
9
7
32
10
35
59
8
10
24
56
6
4
9
13
14
32
28
41
66
20
31
50
3
6
16
19
29
2
7
13
59
34
20
12
9
112
8
67
39
307
9
13
2
18
71
10
13
41
11
25
5
3
10
3
1
27
27
1
2
5
8
1
5
179
36
21
25
24
17
71
21
1
77
9
11
29
25
17
18
10
5
14
4
31
33
10
33
19
1
7
6
4
7
11
1
5
13
17
15
4
23
11
5
8
39
32
50
6
8
3
6
90
10
6
7
44
38
37
10
9
14
10
24
28
51
12
8
15
24
17
18
18
9
5
7
47
12
13
29
18
27
56
24
37
4
18
11
13
26
1
3
21
7
1
42
26
59
4
26
28
101
36
19
26
2
40
27
10
35
8
32
17
25
52
2
50
5
8
9
67
12
32
2
208
4
106
22
10
10
3
114
81
21
11
17
20
6
26
16
35
42
29
20
38
2
1
20
14
13
51
11
3
19
10
2
33
25
48
13
8
1
13
45
21
26
7
22
5
1
23
17
7
5
6
28
23
9
76
55
46
19
1
3925
1
37
8
13
12
26
7
2
9
8
5
6
6
3
7
5
38
7
40
20
35
9
171
19
32
3
36
32
3
4
13
5
1
103
1
29
413
6
6
6
10
5
11
12
4
38
75
7
55
9
142
6
5
6
4
29
20
7
40
10
76
13
25
47
27
35
35
28
32
26
36
29
30
22
24
73
38
21
34
25
21
28
26
36
24
63
31
31
55
29
27
21
11
32
3
19
20
8
17
8
6
9
9
6
15
12
9
9
7
7
8
11
10
30
7
11
6
9
15
18
12
10
2
10
2
17
39
61
27
61
27
11
6
6
7
6
27
7
47
7
29
12
4
64
75
31
32
17
29
41
27
31
21
47
50
10
92
16
8
47
18
35
21
27
30
8
9
6
49
36
45
34
4
40
14
112
87
1
95
74
103
10
4
11
30
10
12
31
1
7
8
28
60
4
43
7
17
27
35
2
52
28
18
5
4
11
9
22
6
11
8
22
11
7
12
13
6
24
38
5
23
16
38
51
18
10
33
54
19
25
24
9
21
34
4
26
17
321
4
3
411
27
33
21
1
3
20
28
11
29
39
20
18
12
3
34
31
23
21
7
19
27
25
20
24
40
31
27
33
7
25
2
21
187
91
24
348
6
17
9
4
12
1
7
8
33
5
6
15
18
3
6
2
8
2
36
29
23
41
102
6
15
24
24
70
62
34
33
33
43
42
12
12
5
15
24
14
151
2
61
20
6
5
13
37
3
7
3
7
10
17
18
45
7
50
73
33
38
14
35
4
13
7
79
4
30
1
28
23
29
45
5
3
7
5
3
27
31
45
24
29
33
40
13
26
30
19
20
17
3
4
26
8
7
2
9
44
30
21
5
26
7
12
292
8
35
31
15
4
46
13
12
57
8
13
166
6
430
342
34
22
49
93
13
14
5
8
10
20
5
4
9
6
6
13
4
5
5
14
15
10
28
6
13
6
18
10
7
7
6
10
6
6
14
11
7
26
14
8
6
12
14
12
51
20
2
111
105
87
120
26
77
20
54
38
9
27
11
26
17
311
82
76
29
17
4
12
16
4
8
4
4
3
3
69
63
16
82
5
12
2
44
10
12
25
14
5
1
65
2
19
35
5
5
5
17
31
18
138
4
15
11
15
12
9
6
15
20
46
39
59
36
62
37
23
5
5
23
3
6
37
4
29
112
5
6
36
34
280
4
58
14
3
25
7
13
77
3
7
10
49
2
19
10
30
1
2
13
16
60
17
15
29
5
6
8
6
8
20
8
9
8
7
10
16
8
11
12
8
29
5
55
10
3
10
30
115
39
14
35
3
16
22
3
26
9
25
2
29
3
19
29
69
19
18
23
11
14
8
7
12
131
14
10
12
16
15
36
12
7
27
7
5
26
29
25
1
96
7
4
6
3
20
12
1
42
25
40
7
11
29
19
21
13
1
13
2
52
4
83
1
11
19
21
28
4
19
5
12
13
3
8
57
7
7
2
2
22
21
39
7
6
4
2
2
7
165
1
5
6
4
26
3
4
6
8
7
5
6
4
6
3
33
11
20
24
7
8
1
5
1
7
15
15
6
10
8
12
7
9
8
2
5
8
6
10
11
12
8
7
19
5
14
4
3
6
8
4
10
1
5
5
4
8
5
4
6
5
4
3
5
4
4
6
6
11
10
10
7
5
5
5
10
9
6
5
9
9
6
5
6
8
8
10
5
7
8
10
7
9
6
4
5
8
6
9
5
10
7
5
6
4
3
6
37
3
9
2
38
4
6
52
18
24
13
11
3
7
25
34
35
173
30
36
8
8
6
7
7
3
3
5
5
16
41
6
5
7
10
9
3
17
5
13
8
5
2
4
4
7
3
8
6
14
5
7
5
6
13
5
10
10
10
11
8
10
5
15
4
5
8
13
7
9
10
7
13
10
10
4
20
26
46
27
9
4
5
3
19
31
3
67
43
13
9
5
6
8
9
9
8
4
20
5
13
380
10
53
18
32
7
3
5
10
19
4
7
7
26
38
6
3
5
6
3
5
5
9
4
4
17
9
3
6
13
2
6
4
9
6
1
1
9
23
2
7
10
20
3
5
6
8
5
6
4
6
3
7
8
3
349
2
9
8
10
4
6
5
5
6
4
3
8
4
1
10
5
6
7
6
6
9
9
9
11
6
8
9
13
6
3
3
7
7
7
6
3
5
7
5
10
24
15
7
4
20
27
24
4
36
8
23
28
7
21
45
14
22
29
27
37
10
8
4
2
1
18
33
24
3
10
41
8
19
32
304
45
11
9
51
91
87
17
76
35
11
39
44
51
23
3
42
3
9
57
9
18
21
14
40
37
48
28
34
30
7
3
6
42
16
14
29
36
41
35
34
32
57
10
11
21
48
9
4
25
5
15
16
78
5
9
11
10
18
32
38
155
15
6
20
22
30
32
28
52
49
33
6
3
6
45
27
6
23
21
6
65
38
41
35
95
34
26
27
7
13
2
42
28
35
9
94
119
12
14
4
31
5
13
2
2
8
7
1
19
54
12
5
4
5
5
6
8
2
31
39
70
6
6
50
17
15
50
12
16
4
4
5
1
8
95
10
10
39
1
37
39
37
31
5
5
26
15
6
6
21
4
9
6
20
3
1
42
43
35
41
31
39
33
28
21
12
15
6
14
12
18
8
6
13
7
5
6
7
9
9
12
6
10
56
13
19
23
8
10
7
63
10
11
15
6
12
10
15
7
11
11
13
10
8
23
11
15
11
13
8
8
9
8
14
15
11
32
15
10
15
11
6
10
11
13
6
12
10
7
4
11
15
10
170
11
7
12
9
6
8
6
36
6
3
9
8
11
14
5
9
9
10
5
10
6
9
12
6
15
7
6
5
5
5
8
4
6
9
8
5
18
10
6
9
7
9
11
6
13
8
6
7
15
3
5
6
9
6
4
5
4
5
11
8
9
7
5
61
15
12
43
14
71
60
8
23
48
54
32
25
48
28
6
48
24
45
47
52
68
8
30
77
10
12
8
5
9
52
11
4
8
6
11
8
23
10
42
5
6
25
6
7
10
24
7
7
3
4
4
7
7
38
7
11
8
5
4
9
8
2
6
8
8
9
7
6
6
6
7
8
4
1
5
11
5
19
50
6
7
7
85
6
29
54
14
16
7
10
7
8
74
11
2
12
75
73
11
65
19
5
18
7
8
8
7
3
5
42
52
5
22
11
4
7
39
1
8
4
2
31
19
6
86
34
17
5
250
9
24
9
7
7
1
3
3
12
13
168
20
13
5
17
7
8
7
8
12
7
11
13
13
10
90
11
9
10
9
9
8
18
38
12
6
6
21
4
9
10
6
41
6
2
9
20
12
7
66
6
9
17
12
19
10
61
29
32
45
4
6
13
12
26
15
18
13
24
4
21
7
12
6
5
9
1
7
16
8
23
16
10
7
22
6
14
8
4
8
9
14
6
7
8
12
12
12
12
7
5
5
7
19
8
10
4
33
67
42
4
31
39
44
32
36
45
11
32
42
8
39
39
6
23
14
6
5
4
13
23
12
9
111
8
4
2
4
11
4
3
61
5
5
7
7
38
10
3
23
8
4
7
7
6
3
0
0
0
0
0
0
0
0
0
0
0
0
0
0
0
0
0
0
0
0
0
0
0
0
0
0
0
0
0
0
0
0
0
0
0
0
0
0
0
0
0
0
0
0
0
0
0
0
